0255255
1255255
2255255
3255255
4255255
5255255
6255255
7255255
8255255
9255255
10255255
11255255
12255255
13255255
14255255
15255255
16255255
17255255
18255255
19255255
20255255
21255255
22255255
23255255
24255255
25255255
26255255
27255255
28255255
29255255
30255255
31255255
32255255
33255255
34255255
35255255
36255255
37255255
38255255
39255255
40255255
41255255
42255255
43255255
44255255
45255255
46255255
47255255
48255255
49255255
50255255
51255255
52255255
53255255
54255255
55255255
56255255
57255255
58255255
59255255
60255255
61255255
62255255
63255255
64255255
65255255
66255255
67255255
68255255
69255255
70255255
71255255
72255255
73255255
74255255
75255255
76255255
77255255
78255255
79255255
80255255
81255255
82255255
83255255
84255255
85255255
86255255
87255255
88255255
89255255
90255255
91255255
92255255
93255255
94255255
95255255
96255255
97255255
98255255
99255255
100255255
101255255
102255255
103255255
104255255
105255255
106255255
107255255
108255255
109255255
110255255
111255255
112255255
113255255
114255255
115255255
116255255
117255255
118255255
119255255
120255255
121255255
122255255
123255255
124255255
125255255
126255255
127255255
128255255
129255255
130255255
131255255
132255255
133255255
134255255
135255255
136255255
137255255
138255255
139255255
140255255
141255255
142255255
143255255
144255255
145255255
146255255
147255255
148255255
149255255
150255255
151255255
152255255
153255255
154255255
155255255
156255255
157255255
158255255
159255255
160255255
161255255
162255255
163255255
164255255
165255255
166255255
167255255
168255255
169255255
170255255
171255255
172255255
173255255
174255255
175255255
176255255
177255255
178255255
179255255
180255255
181255255
182255255
183255255
184255255
185255255
186255255
187255255
188255255
189255255
190255255
191255255
192255255
193255255
194255255
195255255
196255255
197255255
198255255
199255255
200255255
201255255
202255255
203255255
204255255
205255255
206255255
207255255
208255255
209255255
210255255
211255255
212255255
213255255
214255255
215255255
216255255
217255255
218255255
219255255
220255255
221255255
222255255
223255255
224255255
225255255
226255255
227255255
228255255
229255255
230255255
231255255
232255255
233255255
234255255
235255255
236255255
237255255
238255255
239255255
240255255
241255255
242255255
243255255
244255255
245255255
246255255
247255255
248255255
249255255
250255255
251255255
252255255
253255255
254255255
255255255
2550255
2551255
2552255
2553255
2554255
2555255
2556255
2557255
2558255
2559255
25510255
25511255
25512255
25513255
25514255
25515255
25516255
25517255
25518255
25519255
25520255
25521255
25522255
25523255
25524255
25525255
25526255
25527255
25528255
25529255
25530255
25531255
25532255
25533255
25534255
25535255
25536255
25537255
25538255
25539255
25540255
25541255
25542255
25543255
25544255
25545255
25546255
25547255
25548255
25549255
25550255
25551255
25552255
25553255
25554255
25555255
25556255
25557255
25558255
25559255
25560255
25561255
25562255
25563255
25564255
25565255
25566255
25567255
25568255
25569255
25570255
25571255
25572255
25573255
25574255
25575255
25576255
25577255
25578255
25579255
25580255
25581255
25582255
25583255
25584255
25585255
25586255
25587255
25588255
25589255
25590255
25591255
25592255
25593255
25594255
25595255
25596255
25597255
25598255
25599255
255100255
255101255
255102255
255103255
255104255
255105255
255106255
255107255
255108255
255109255
255110255
255111255
255112255
255113255
255114255
255115255
255116255
255117255
255118255
255119255
255120255
255121255
255122255
255123255
255124255
255125255
255126255
255127255
255128255
255129255
255130255
255131255
255132255
255133255
255134255
255135255
255136255
255137255
255138255
255139255
255140255
255141255
255142255
255143255
255144255
255145255
255146255
255147255
255148255
255149255
255150255
255151255
255152255
255153255
255154255
255155255
255156255
255157255
255158255
255159255
255160255
255161255
255162255
255163255
255164255
255165255
255166255
255167255
255168255
255169255
255170255
255171255
255172255
255173255
255174255
255175255
255176255
255177255
255178255
255179255
255180255
255181255
255182255
255183255
255184255
255185255
255186255
255187255
255188255
255189255
255190255
255191255
255192255
255193255
255194255
255195255
255196255
255197255
255198255
255199255
255200255
255201255
255202255
255203255
255204255
255205255
255206255
255207255
255208255
255209255
255210255
255211255
255212255
255213255
255214255
255215255
255216255
255217255
255218255
255219255
255220255
255221255
255222255
255223255
255224255
255225255
255226255
255227255
255228255
255229255
255230255
255231255
255232255
255233255
255234255
255235255
255236255
255237255
255238255
255239255
255240255
255241255
255242255
255243255
255244255
255245255
255246255
255247255
255248255
255249255
255250255
255251255
255252255
255253255
255254255
2552550
2552551
2552552
2552553
2552554
2552555
2552556
2552557
2552558
2552559
25525510
25525511
25525512
25525513
25525514
25525515
25525516
25525517
25525518
25525519
25525520
25525521
25525522
25525523
25525524
25525525
25525526
25525527
25525528
25525529
25525530
25525531
25525532
25525533
25525534
25525535
25525536
25525537
25525538
25525539
25525540
25525541
25525542
25525543
25525544
25525545
25525546
25525547
25525548
25525549
25525550
25525551
25525552
25525553
25525554
25525555
25525556
25525557
25525558
25525559
25525560
25525561
25525562
25525563
25525564
25525565
25525566
25525567
25525568
25525569
25525570
25525571
25525572
25525573
25525574
25525575
25525576
25525577
25525578
25525579
25525580
25525581
25525582
25525583
25525584
25525585
25525586
25525587
25525588
25525589
25525590
25525591
25525592
25525593
25525594
25525595
25525596
25525597
25525598
25525599
255255100
255255101
255255102
255255103
255255104
255255105
255255106
255255107
255255108
255255109
255255110
255255111
255255112
255255113
255255114
255255115
255255116
255255117
255255118
255255119
255255120
255255121
255255122
255255123
255255124
255255125
255255126
255255127
255255128
255255129
255255130
255255131
255255132
255255133
255255134
255255135
255255136
255255137
255255138
255255139
255255140
255255141
255255142
255255143
255255144
255255145
255255146
255255147
255255148
255255149
255255150
255255151
255255152
255255153
255255154
255255155
255255156
255255157
255255158
255255159
255255160
255255161
255255162
255255163
255255164
255255165
255255166
255255167
255255168
255255169
255255170
255255171
255255172
255255173
255255174
255255175
255255176
255255177
255255178
255255179
255255180
255255181
255255182
255255183
255255184
255255185
255255186
255255187
255255188
255255189
255255190
255255191
255255192
255255193
255255194
255255195
255255196
255255197
255255198
255255199
255255200
255255201
255255202
255255203
255255204
255255205
255255206
255255207
255255208
255255209
255255210
255255211
255255212
255255213
255255214
255255215
255255216
255255217
255255218
255255219
255255220
255255221
255255222
255255223
255255224
255255225
255255226
255255227
255255228
255255229
255255230
255255231
255255232
255255233
255255234
255255235
255255236
255255237
255255238
255255239
255255240
255255241
255255242
255255243
255255244
255255245
255255246
255255247
255255248
255255249
255255250
255255251
255255252
255255253
255255254
0254254
1254254
2254254
3254254
4254254
5254254
6254254
7254254
8254254
9254254
10254254
11254254
12254254
13254254
14254254
15254254
16254254
17254254
18254254
19254254
20254254
21254254
22254254
23254254
24254254
25254254
26254254
27254254
28254254
29254254
30254254
31254254
32254254
33254254
34254254
35254254
36254254
37254254
38254254
39254254
40254254
41254254
42254254
43254254
44254254
45254254
46254254
47254254
48254254
49254254
50254254
51254254
52254254
53254254
54254254
55254254
56254254
57254254
58254254
59254254
60254254
61254254
62254254
63254254
64254254
65254254
66254254
67254254
68254254
69254254
70254254
71254254
72254254
73254254
74254254
75254254
76254254
77254254
78254254
79254254
80254254
81254254
82254254
83254254
84254254
85254254
86254254
87254254
88254254
89254254
90254254
91254254
92254254
93254254
94254254
95254254
96254254
97254254
98254254
99254254
100254254
101254254
102254254
103254254
104254254
105254254
106254254
107254254
108254254
109254254
110254254
111254254
112254254
113254254
114254254
115254254
116254254
117254254
118254254
119254254
120254254
121254254
122254254
123254254
124254254
125254254
126254254
127254254
128254254
129254254
130254254
131254254
132254254
133254254
134254254
135254254
136254254
137254254
138254254
139254254
140254254
141254254
142254254
143254254
144254254
145254254
146254254
147254254
148254254
149254254
150254254
151254254
152254254
153254254
154254254
155254254
156254254
157254254
158254254
159254254
160254254
161254254
162254254
163254254
164254254
165254254
166254254
167254254
168254254
169254254
170254254
171254254
172254254
173254254
174254254
175254254
176254254
177254254
178254254
179254254
180254254
181254254
182254254
183254254
184254254
185254254
186254254
187254254
188254254
189254254
190254254
191254254
192254254
193254254
194254254
195254254
196254254
197254254
198254254
199254254
200254254
201254254
202254254
203254254
204254254
205254254
206254254
207254254
208254254
209254254
210254254
211254254
212254254
213254254
214254254
215254254
216254254
217254254
218254254
219254254
220254254
221254254
222254254
223254254
224254254
225254254
226254254
227254254
228254254
229254254
230254254
231254254
232254254
233254254
234254254
235254254
236254254
237254254
238254254
239254254
240254254
241254254
242254254
243254254
244254254
245254254
246254254
247254254
248254254
249254254
250254254
251254254
252254254
253254254
254254254
2540254
2541254
2542254
2543254
2544254
2545254
2546254
2547254
2548254
2549254
25410254
25411254
25412254
25413254
25414254
25415254
25416254
25417254
25418254
25419254
25420254
25421254
25422254
25423254
25424254
25425254
25426254
25427254
25428254
25429254
25430254
25431254
25432254
25433254
25434254
25435254
25436254
25437254
25438254
25439254
25440254
25441254
25442254
25443254
25444254
25445254
25446254
25447254
25448254
25449254
25450254
25451254
25452254
25453254
25454254
25455254
25456254
25457254
25458254
25459254
25460254
25461254
25462254
25463254
25464254
25465254
25466254
25467254
25468254
25469254
25470254
25471254
25472254
25473254
25474254
25475254
25476254
25477254
25478254
25479254
25480254
25481254
25482254
25483254
25484254
25485254
25486254
25487254
25488254
25489254
25490254
25491254
25492254
25493254
25494254
25495254
25496254
25497254
25498254
25499254
254100254
254101254
254102254
254103254
254104254
254105254
254106254
254107254
254108254
254109254
254110254
254111254
254112254
254113254
254114254
254115254
254116254
254117254
254118254
254119254
254120254
254121254
254122254
254123254
254124254
254125254
254126254
254127254
254128254
254129254
254130254
254131254
254132254
254133254
254134254
254135254
254136254
254137254
254138254
254139254
254140254
254141254
254142254
254143254
254144254
254145254
254146254
254147254
254148254
254149254
254150254
254151254
254152254
254153254
254154254
254155254
254156254
254157254
254158254
254159254
254160254
254161254
254162254
254163254
254164254
254165254
254166254
254167254
254168254
254169254
254170254
254171254
254172254
254173254
254174254
254175254
254176254
254177254
254178254
254179254
254180254
254181254
254182254
254183254
254184254
254185254
254186254
254187254
254188254
254189254
254190254
254191254
254192254
254193254
254194254
254195254
254196254
254197254
254198254
254199254
254200254
254201254
254202254
254203254
254204254
254205254
254206254
254207254
254208254
254209254
254210254
254211254
254212254
254213254
254214254
254215254
254216254
254217254
254218254
254219254
254220254
254221254
254222254
254223254
254224254
254225254
254226254
254227254
254228254
254229254
254230254
254231254
254232254
254233254
254234254
254235254
254236254
254237254
254238254
254239254
254240254
254241254
254242254
254243254
254244254
254245254
254246254
254247254
254248254
254249254
254250254
254251254
254252254
254253254
2542540
2542541
2542542
2542543
2542544
2542545
2542546
2542547
2542548
2542549
25425410
25425411
25425412
25425413
25425414
25425415
25425416
25425417
25425418
25425419
25425420
25425421
25425422
25425423
25425424
25425425
25425426
25425427
25425428
25425429
25425430
25425431
25425432
25425433
25425434
25425435
25425436
25425437
25425438
25425439
25425440
25425441
25425442
25425443
25425444
25425445
25425446
25425447
25425448
25425449
25425450
25425451
25425452
25425453
25425454
25425455
25425456
25425457
25425458
25425459
25425460
25425461
25425462
25425463
25425464
25425465
25425466
25425467
25425468
25425469
25425470
25425471
25425472
25425473
25425474
25425475
25425476
25425477
25425478
25425479
25425480
25425481
25425482
25425483
25425484
25425485
25425486
25425487
25425488
25425489
25425490
25425491
25425492
25425493
25425494
25425495
25425496
25425497
25425498
25425499
254254100
254254101
254254102
254254103
254254104
254254105
254254106
254254107
254254108
254254109
254254110
254254111
254254112
254254113
254254114
254254115
254254116
254254117
254254118
254254119
254254120
254254121
254254122
254254123
254254124
254254125
254254126
254254127
254254128
254254129
254254130
254254131
254254132
254254133
254254134
254254135
254254136
254254137
254254138
254254139
254254140
254254141
254254142
254254143
254254144
254254145
254254146
254254147
254254148
254254149
254254150
254254151
254254152
254254153
254254154
254254155
254254156
254254157
254254158
254254159
254254160
254254161
254254162
254254163
254254164
254254165
254254166
254254167
254254168
254254169
254254170
254254171
254254172
254254173
254254174
254254175
254254176
254254177
254254178
254254179
254254180
254254181
254254182
254254183
254254184
254254185
254254186
254254187
254254188
254254189
254254190
254254191
254254192
254254193
254254194
254254195
254254196
254254197
254254198
254254199
254254200
254254201
254254202
254254203
254254204
254254205
254254206
254254207
254254208
254254209
254254210
254254211
254254212
254254213
254254214
254254215
254254216
254254217
254254218
254254219
254254220
254254221
254254222
254254223
254254224
254254225
254254226
254254227
254254228
254254229
254254230
254254231
254254232
254254233
254254234
254254235
254254236
254254237
254254238
254254239
254254240
254254241
254254242
254254243
254254244
254254245
254254246
254254247
254254248
254254249
254254250
254254251
254254252
254254253
0253253
1253253
2253253
3253253
4253253
5253253
6253253
7253253
8253253
9253253
10253253
11253253
12253253
13253253
14253253
15253253
16253253
17253253
18253253
19253253
20253253
21253253
22253253
23253253
24253253
25253253
26253253
27253253
28253253
29253253
30253253
31253253
32253253
33253253
34253253
35253253
36253253
37253253
38253253
39253253
40253253
41253253
42253253
43253253
44253253
45253253
46253253
47253253
48253253
49253253
50253253
51253253
52253253
53253253
54253253
55253253
56253253
57253253
58253253
59253253
60253253
61253253
62253253
63253253
64253253
65253253
66253253
67253253
68253253
69253253
70253253
71253253
72253253
73253253
74253253
75253253
76253253
77253253
78253253
79253253
80253253
81253253
82253253
83253253
84253253
85253253
86253253
87253253
88253253
89253253
90253253
91253253
92253253
93253253
94253253
95253253
96253253
97253253
98253253
99253253
100253253
101253253
102253253
103253253
104253253
105253253
106253253
107253253
108253253
109253253
110253253
111253253
112253253
113253253
114253253
115253253
116253253
117253253
118253253
119253253
120253253
121253253
122253253
123253253
124253253
125253253
126253253
127253253
128253253
129253253
130253253
131253253
132253253
133253253
134253253
135253253
136253253
137253253
138253253
139253253
140253253
141253253
142253253
143253253
144253253
145253253
146253253
147253253
148253253
149253253
150253253
151253253
152253253
153253253
154253253
155253253
156253253
157253253
158253253
159253253
160253253
161253253
162253253
163253253
164253253
165253253
166253253
167253253
168253253
169253253
170253253
171253253
172253253
173253253
174253253
175253253
176253253
177253253
178253253
179253253
180253253
181253253
182253253
183253253
184253253
185253253
186253253
187253253
188253253
189253253
190253253
191253253
192253253
193253253
194253253
195253253
196253253
197253253
198253253
199253253
200253253
201253253
202253253
203253253
204253253
205253253
206253253
207253253
208253253
209253253
210253253
211253253
212253253
213253253
214253253
215253253
216253253
217253253
218253253
219253253
220253253
221253253
222253253
223253253
224253253
225253253
226253253
227253253
228253253
229253253
230253253
231253253
232253253
233253253
234253253
235253253
236253253
237253253
238253253
239253253
240253253
241253253
242253253
243253253
244253253
245253253
246253253
247253253
248253253
249253253
250253253
251253253
252253253
253253253
2530253
2531253
2532253
2533253
2534253
2535253
2536253
2537253
2538253
2539253
25310253
25311253
25312253
25313253
25314253
25315253
25316253
25317253
25318253
25319253
25320253
25321253
25322253
25323253
25324253
25325253
25326253
25327253
25328253
25329253
25330253
25331253
25332253
25333253
25334253
25335253
25336253
25337253
25338253
25339253
25340253
25341253
25342253
25343253
25344253
25345253
25346253
25347253
25348253
25349253
25350253
25351253
25352253
25353253
25354253
25355253
25356253
25357253
25358253
25359253
25360253
25361253
25362253
25363253
25364253
25365253
25366253
25367253
25368253
25369253
25370253
25371253
25372253
25373253
25374253
25375253
25376253
25377253
25378253
25379253
25380253
25381253
25382253
25383253
25384253
25385253
25386253
25387253
25388253
25389253
25390253
25391253
25392253
25393253
25394253
25395253
25396253
25397253
25398253
25399253
253100253
253101253
253102253
253103253
253104253
253105253
253106253
253107253
253108253
253109253
253110253
253111253
253112253
253113253
253114253
253115253
253116253
253117253
253118253
253119253
253120253
253121253
253122253
253123253
253124253
253125253
253126253
253127253
253128253
253129253
253130253
253131253
253132253
253133253
253134253
253135253
253136253
253137253
253138253
253139253
253140253
253141253
253142253
253143253
253144253
253145253
253146253
253147253
253148253
253149253
253150253
253151253
253152253
253153253
253154253
253155253
253156253
253157253
253158253
253159253
253160253
253161253
253162253
253163253
253164253
253165253
253166253
253167253
253168253
253169253
253170253
253171253
253172253
253173253
253174253
253175253
253176253
253177253
253178253
253179253
253180253
253181253
253182253
253183253
253184253
253185253
253186253
253187253
253188253
253189253
253190253
253191253
253192253
253193253
253194253
253195253
253196253
253197253
253198253
253199253
253200253
253201253
253202253
253203253
253204253
253205253
253206253
253207253
253208253
253209253
253210253
253211253
253212253
253213253
253214253
253215253
253216253
253217253
253218253
253219253
253220253
253221253
253222253
253223253
253224253
253225253
253226253
253227253
253228253
253229253
253230253
253231253
253232253
253233253
253234253
253235253
253236253
253237253
253238253
253239253
253240253
253241253
253242253
253243253
253244253
253245253
253246253
253247253
253248253
253249253
253250253
253251253
253252253
2532530
2532531
2532532
2532533
2532534
2532535
2532536
2532537
2532538
2532539
25325310
25325311
25325312
25325313
25325314
25325315
25325316
25325317
25325318
25325319
25325320
25325321
25325322
25325323
25325324
25325325
25325326
25325327
25325328
25325329
25325330
25325331
25325332
25325333
25325334
25325335
25325336
25325337
25325338
25325339
25325340
25325341
25325342
25325343
25325344
25325345
25325346
25325347
25325348
25325349
25325350
25325351
25325352
25325353
25325354
25325355
25325356
25325357
25325358
25325359
25325360
25325361
25325362
25325363
25325364
25325365
25325366
25325367
25325368
25325369
25325370
25325371
25325372
25325373
25325374
25325375
25325376
25325377
25325378
25325379
25325380
25325381
25325382
25325383
25325384
25325385
25325386
25325387
25325388
25325389
25325390
25325391
25325392
25325393
25325394
25325395
25325396
25325397
25325398
25325399
253253100
253253101
253253102
253253103
253253104
253253105
253253106
253253107
253253108
253253109
253253110
253253111
253253112
253253113
253253114
253253115
253253116
253253117
253253118
253253119
253253120
253253121
253253122
253253123
253253124
253253125
253253126
253253127
253253128
253253129
253253130
253253131
253253132
253253133
253253134
253253135
253253136
253253137
253253138
253253139
253253140
253253141
253253142
253253143
253253144
253253145
253253146
253253147
253253148
253253149
253253150
253253151
253253152
253253153
253253154
253253155
253253156
253253157
253253158
253253159
253253160
253253161
253253162
253253163
253253164
253253165
253253166
253253167
253253168
253253169
253253170
253253171
253253172
253253173
253253174
253253175
253253176
253253177
253253178
253253179
253253180
253253181
253253182
253253183
253253184
253253185
253253186
253253187
253253188
253253189
253253190
253253191
253253192
253253193
253253194
253253195
253253196
253253197
253253198
253253199
253253200
253253201
253253202
253253203
253253204
253253205
253253206
253253207
253253208
253253209
253253210
253253211
253253212
253253213
253253214
253253215
253253216
253253217
253253218
253253219
253253220
253253221
253253222
253253223
253253224
253253225
253253226
253253227
253253228
253253229
253253230
253253231
253253232
253253233
253253234
253253235
253253236
253253237
253253238
253253239
253253240
253253241
253253242
253253243
253253244
253253245
253253246
253253247
253253248
253253249
253253250
253253251
253253252
0252252
1252252
2252252
3252252
4252252
5252252
6252252
7252252
8252252
9252252
10252252
11252252
12252252
13252252
14252252
15252252
16252252
17252252
18252252
19252252
20252252
21252252
22252252
23252252
24252252
26252252
27252252
28252252
29252252
30252252
31252252
32252252
33252252
34252252
35252252
36252252
37252252
38252252
39252252
40252252
41252252
42252252
43252252
44252252
45252252
46252252
47252252
48252252
49252252
50252252
51252252
52252252
53252252
54252252
55252252
56252252
57252252
58252252
59252252
60252252
61252252
62252252
63252252
64252252
65252252
66252252
67252252
68252252
69252252
70252252
71252252
72252252
73252252
74252252
75252252
76252252
77252252
78252252
79252252
80252252
81252252
82252252
83252252
84252252
85252252
86252252
87252252
88252252
89252252
90252252
91252252
92252252
93252252
94252252
95252252
96252252
97252252
98252252
99252252
100252252
101252252
102252252
103252252
104252252
105252252
106252252
107252252
108252252
109252252
110252252
111252252
112252252
113252252
114252252
115252252
116252252
117252252
118252252
119252252
120252252
121252252
122252252
123252252
124252252
125252252
126252252
127252252
128252252
129252252
130252252
131252252
132252252
133252252
134252252
135252252
136252252
137252252
138252252
139252252
140252252
141252252
142252252
143252252
144252252
145252252
146252252
147252252
148252252
149252252
150252252
151252252
152252252
153252252
154252252
155252252
156252252
157252252
158252252
159252252
160252252
161252252
162252252
163252252
164252252
165252252
166252252
167252252
168252252
169252252
170252252
171252252
172252252
173252252
174252252
175252252
176252252
177252252
178252252
179252252
180252252
181252252
182252252
183252252
184252252
185252252
186252252
187252252
188252252
189252252
190252252
191252252
192252252
193252252
194252252
195252252
196252252
197252252
198252252
199252252
200252252
201252252
202252252
203252252
204252252
205252252
206252252
207252252
208252252
209252252
210252252
211252252
212252252
213252252
214252252
215252252
216252252
217252252
218252252
219252252
220252252
221252252
222252252
223252252
224252252
225252252
226252252
227252252
228252252
229252252
230252252
231252252
232252252
233252252
234252252
235252252
236252252
237252252
238252252
239252252
240252252
241252252
242252252
243252252
244252252
245252252
246252252
247252252
248252252
249252252
250252252
251252252
252252252
2520252
2521252
2522252
2523252
2524252
2525252
2526252
2527252
2528252
2529252
25210252
25211252
25212252
25213252
25214252
25215252
25216252
25217252
25218252
25219252
25220252
25221252
25222252
25223252
25224252
25226252
25227252
25228252
25229252
25230252
25231252
25232252
25233252
25234252
25235252
25236252
25237252
25238252
25239252
25240252
25241252
25242252
25243252
25244252
25245252
25246252
25247252
25248252
25249252
25250252
25251252
25252252
25253252
25254252
25255252
25256252
25257252
25258252
25259252
25260252
25261252
25262252
25263252
25264252
25265252
25266252
25267252
25268252
25269252
25270252
25271252
25272252
25273252
25274252
25275252
25276252
25277252
25278252
25279252
25280252
25281252
25282252
25283252
25284252
25285252
25286252
25287252
25288252
25289252
25290252
25291252
25292252
25293252
25294252
25295252
25296252
25297252
25298252
25299252
252100252
252101252
252102252
252103252
252104252
252105252
252106252
252107252
252108252
252109252
252110252
252111252
252112252
252113252
252114252
252115252
252116252
252117252
252118252
252119252
252120252
252121252
252122252
252123252
252124252
252125252
252126252
252127252
252128252
252129252
252130252
252131252
252132252
252133252
252134252
252135252
252136252
252137252
252138252
252139252
252140252
252141252
252142252
252143252
252144252
252145252
252146252
252147252
252148252
252149252
252150252
252151252
252152252
252153252
252154252
252155252
252156252
252157252
252158252
252159252
252160252
252161252
252162252
252163252
252164252
252165252
252166252
252167252
252168252
252169252
252170252
252171252
252172252
252173252
252174252
252175252
252176252
252177252
252178252
252179252
252180252
252181252
252182252
252183252
252184252
252185252
252186252
252187252
252188252
252189252
252190252
252191252
252192252
252193252
252194252
252195252
252196252
252197252
252198252
252199252
252200252
252201252
252202252
252203252
252204252
252205252
252206252
252207252
252208252
252209252
252210252
252211252
252212252
252213252
252214252
252215252
252216252
252217252
252218252
252219252
252220252
252221252
252222252
252223252
252224252
252225252
252226252
252227252
252228252
252229252
252230252
252231252
252232252
252233252
252234252
252235252
252236252
252237252
252238252
252239252
252240252
252241252
252242252
252243252
252244252
252245252
252246252
252247252
252248252
252249252
252250252
252251252
2522520
2522521
2522522
2522523
2522524
2522525
2522526
2522527
2522528
2522529
25225210
25225211
25225212
25225213
25225214
25225215
25225216
25225217
25225218
25225219
25225220
25225221
25225222
25225223
25225224
25225225
25225226
25225227
25225228
25225229
25225230
25225231
25225232
25225233
25225234
25225235
25225236
25225237
25225238
25225239
25225240
25225241
25225242
25225243
25225244
25225245
25225246
25225247
25225248
25225249
25225250
25225251
25225252
25225253
25225254
25225255
25225256
25225257
25225258
25225259
25225260
25225261
25225262
25225263
25225264
25225265
25225266
25225267
25225268
25225269
25225270
25225271
25225272
25225273
25225274
25225275
25225276
25225277
25225278
25225279
25225280
25225281
25225282
25225283
25225284
25225285
25225286
25225287
25225288
25225289
25225290
25225291
25225292
25225293
25225294
25225295
25225296
25225297
25225298
25225299
252252100
252252101
252252102
252252103
252252104
252252105
252252106
252252107
252252108
252252109
252252110
252252111
252252112
252252113
252252114
252252115
252252116
252252117
252252118
252252119
252252120
252252121
252252122
252252123
252252124
252252125
252252126
252252127
252252128
252252129
252252130
252252131
252252132
252252133
252252134
252252135
252252136
252252137
252252138
252252139
252252140
252252141
252252142
252252143
252252144
252252145
252252146
252252147
252252148
252252149
252252150
252252151
252252152
252252153
252252154
252252155
252252156
252252157
252252158
252252159
252252160
252252161
252252162
252252163
252252164
252252165
252252166
252252167
252252168
252252169
252252170
252252171
252252172
252252173
252252174
252252175
252252176
252252177
252252178
252252179
252252180
252252181
252252182
252252183
252252184
252252185
252252186
252252187
252252188
252252189
252252190
252252191
252252192
252252193
252252194
252252195
252252196
252252197
252252198
252252199
252252200
252252201
252252202
252252203
252252204
252252205
252252206
252252207
252252208
252252209
252252210
252252211
252252212
252252213
252252214
252252215
252252216
252252217
252252218
252252219
252252220
252252221
252252222
252252223
252252224
252252225
252252226
252252227
252252228
252252229
252252230
252252231
252252232
252252233
252252234
252252235
252252236
252252237
252252238
252252239
252252240
252252241
252252242
252252243
252252244
252252245
252252246
252252247
252252248
252252249
252252250
252252251
0251251
1251251
2251251
3251251
4251251
5251251
6251251
7251251
8251251
9251251
10251251
11251251
12251251
13251251
14251251
15251251
16251251
17251251
18251251
19251251
20251251
21251251
22251251
23251251
24251251
25251251
26251251
27251251
28251251
29251251
30251251
31251251
32251251
33251251
34251251
35251251
36251251
37251251
38251251
39251251
40251251
41251251
42251251
43251251
44251251
45251251
46251251
47251251
48251251
49251251
50251251
51251251
52251251
53251251
54251251
55251251
56251251
57251251
58251251
59251251
60251251
61251251
62251251
63251251
64251251
65251251
66251251
67251251
68251251
69251251
70251251
71251251
72251251
73251251
74251251
75251251
76251251
77251251
78251251
79251251
80251251
81251251
82251251
83251251
84251251
85251251
86251251
87251251
88251251
89251251
90251251
91251251
92251251
93251251
94251251
95251251
96251251
97251251
98251251
99251251
100251251
101251251
102251251
103251251
104251251
105251251
106251251
107251251
108251251
109251251
110251251
111251251
112251251
113251251
114251251
115251251
116251251
117251251
118251251
119251251
120251251
121251251
122251251
123251251
124251251
125251251
126251251
127251251
128251251
129251251
130251251
131251251
132251251
133251251
134251251
135251251
136251251
137251251
138251251
139251251
140251251
141251251
142251251
143251251
144251251
145251251
146251251
147251251
148251251
149251251
150251251
151251251
152251251
153251251
154251251
155251251
156251251
157251251
158251251
159251251
160251251
161251251
162251251
163251251
164251251
165251251
166251251
167251251
168251251
169251251
170251251
171251251
172251251
173251251
174251251
175251251
176251251
177251251
178251251
179251251
180251251
181251251
182251251
183251251
184251251
185251251
186251251
187251251
188251251
189251251
190251251
191251251
192251251
193251251
194251251
195251251
196251251
197251251
198251251
199251251
200251251
201251251
202251251
203251251
204251251
205251251
206251251
207251251
208251251
209251251
210251251
211251251
212251251
213251251
214251251
215251251
216251251
217251251
218251251
219251251
220251251
221251251
222251251
223251251
224251251
225251251
226251251
227251251
228251251
229251251
230251251
231251251
232251251
233251251
234251251
235251251
236251251
237251251
238251251
239251251
240251251
241251251
242251251
243251251
244251251
245251251
246251251
247251251
248251251
249251251
250251251
251251251
2510251
2511251
2512251
2513251
2514251
2515251
2516251
2517251
2518251
2519251
25110251
25111251
25112251
25113251
25114251
25115251
25116251
25117251
25118251
25119251
25120251
25121251
25122251
25123251
25124251
25125251
25126251
25127251
25128251
25129251
25130251
25131251
25132251
25133251
25134251
25135251
25136251
25137251
25138251
25139251
25140251
25141251
25142251
25143251
25144251
25145251
25146251
25147251
25148251
25149251
25150251
25151251
25152251
25153251
25154251
25155251
25156251
25157251
25158251
25159251
25160251
25161251
25162251
25163251
25164251
25165251
25166251
25167251
25168251
25169251
25170251
25171251
25172251
25173251
25174251
25175251
25176251
25177251
25178251
25179251
25180251
25181251
25182251
25183251
25184251
25185251
25186251
25187251
25188251
25189251
25190251
25191251
25192251
25193251
25194251
25195251
25196251
25197251
25198251
25199251
251100251
251101251
251102251
251103251
251104251
251105251
251106251
251107251
251108251
251109251
251110251
251111251
251112251
251113251
251114251
251115251
251116251
251117251
251118251
251119251
251120251
251121251
251122251
251123251
251124251
251125251
251126251
251127251
251128251
251129251
251130251
251131251
251132251
251133251
251134251
251135251
251136251
251137251
251138251
251139251
251140251
251141251
251142251
251143251
251144251
251145251
251146251
251147251
251148251
251149251
251150251
251151251
251152251
251153251
251154251
251155251
251156251
251157251
251158251
251159251
251160251
251161251
251162251
251163251
251164251
251165251
251166251
251167251
251168251
251169251
251170251
251171251
251172251
251173251
251174251
251175251
251176251
251177251
251178251
251179251
251180251
251181251
251182251
251183251
251184251
251185251
251186251
251187251
251188251
251189251
251190251
251191251
251192251
251193251
251194251
251195251
251196251
251197251
251198251
251199251
251200251
251201251
251202251
251203251
251204251
251205251
251206251
251207251
251208251
251209251
251210251
251211251
251212251
251213251
251214251
251215251
251216251
251217251
251218251
251219251
251220251
251221251
251222251
251223251
251224251
251225251
251226251
251227251
251228251
251229251
251230251
251231251
251232251
251233251
251234251
251235251
251236251
251237251
251238251
251239251
251240251
251241251
251242251
251243251
251244251
251245251
251246251
251247251
251248251
251249251
251250251
2512510
2512511
2512512
2512513
2512514
2512515
2512516
2512517
2512518
2512519
25125110
25125111
25125112
25125113
25125114
25125115
25125116
25125117
25125118
25125119
25125120
25125121
25125122
25125123
25125124
25125125
25125126
25125127
25125128
25125129
25125130
25125131
25125132
25125133
25125134
25125135
25125136
25125137
25125138
25125139
25125140
25125141
25125142
25125143
25125144
25125145
25125146
25125147
25125148
25125149
25125150
25125151
25125152
25125153
25125154
25125155
25125156
25125157
25125158
25125159
25125160
25125161
25125162
25125163
25125164
25125165
25125166
25125167
25125168
25125169
25125170
25125171
25125172
25125173
25125174
25125175
25125176
25125177
25125178
25125179
25125180
25125181
25125182
25125183
25125184
25125185
25125186
25125187
25125188
25125189
25125190
25125191
25125192
25125193
25125194
25125195
25125196
25125197
25125198
25125199
251251100
251251101
251251102
251251103
251251104
251251105
251251106
251251107
251251108
251251109
251251110
251251111
251251112
251251113
251251114
251251115
251251116
251251117
251251118
251251119
251251120
251251121
251251122
251251123
251251124
251251125
251251126
251251127
251251128
251251129
251251130
251251131
251251132
251251133
251251134
251251135
251251136
251251137
251251138
251251139
251251140
251251141
251251142
251251143
251251144
251251145
251251146
251251147
251251148
251251149
251251150
251251151
251251152
251251153
251251154
251251155
251251156
251251157
251251158
251251159
251251160
251251161
251251162
251251163
251251164
251251165
251251166
251251167
251251168
251251169
251251170
251251171
251251172
251251173
251251174
251251175
251251176
251251177
251251178
251251179
251251180
251251181
251251182
251251183
251251184
251251185
251251186
251251187
251251188
251251189
251251190
251251191
251251192
251251193
251251194
251251195
251251196
251251197
251251198
251251199
251251200
251251201
251251202
251251203
251251204
251251205
251251206
251251207
251251208
251251209
251251210
251251211
251251212
251251213
251251214
251251215
251251216
251251217
251251218
251251219
251251220
251251221
251251222
251251223
251251224
251251225
251251226
251251227
251251228
251251229
251251230
251251231
251251232
251251233
251251234
251251235
251251236
251251237
251251238
251251239
251251240
251251241
251251242
251251243
251251244
251251245
251251246
251251247
251251248
251251249
251251250
0250250
1250250
2250250
3250250
4250250
5250250
6250250
7250250
8250250
9250250
10250250
11250250
12250250
13250250
14250250
15250250
16250250
17250250
18250250
19250250
20250250
21250250
22250250
23250250
24250250
25250250
26250250
27250250
28250250
29250250
30250250
31250250
32250250
33250250
34250250
35250250
36250250
37250250
38250250
39250250
40250250
41250250
42250250
43250250
44250250
45250250
46250250
47250250
48250250
49250250
50250250
51250250
52250250
53250250
54250250
55250250
56250250
57250250
58250250
59250250
60250250
61250250
62250250
63250250
64250250
65250250
66250250
67250250
68250250
69250250
70250250
71250250
72250250
73250250
74250250
75250250
76250250
77250250
78250250
79250250
80250250
81250250
82250250
83250250
84250250
85250250
86250250
87250250
88250250
89250250
90250250
91250250
92250250
93250250
94250250
95250250
96250250
97250250
98250250
99250250
100250250
101250250
102250250
103250250
104250250
105250250
106250250
107250250
108250250
109250250
110250250
111250250
112250250
113250250
114250250
115250250
116250250
117250250
118250250
119250250
120250250
121250250
122250250
123250250
124250250
125250250
126250250
127250250
128250250
129250250
130250250
131250250
132250250
133250250
134250250
135250250
136250250
137250250
138250250
139250250
140250250
141250250
142250250
143250250
144250250
145250250
146250250
147250250
148250250
149250250
150250250
151250250
152250250
153250250
154250250
155250250
156250250
157250250
158250250
159250250
160250250
161250250
162250250
163250250
164250250
165250250
166250250
167250250
168250250
169250250
170250250
171250250
172250250
173250250
174250250
175250250
176250250
177250250
178250250
179250250
180250250
181250250
182250250
183250250
184250250
185250250
186250250
187250250
188250250
189250250
190250250
191250250
192250250
193250250
194250250
195250250
196250250
197250250
198250250
199250250
200250250
201250250
202250250
203250250
204250250
205250250
206250250
207250250
208250250
209250250
210250250
211250250
212250250
213250250
214250250
215250250
216250250
217250250
218250250
219250250
220250250
221250250
222250250
223250250
224250250
225250250
226250250
227250250
228250250
229250250
230250250
231250250
232250250
233250250
234250250
235250250
236250250
237250250
238250250
239250250
240250250
241250250
242250250
243250250
244250250
245250250
246250250
247250250
248250250
249250250
250250250
2500250
2501250
2502250
2503250
2504250
2505250
2506250
2507250
2508250
2509250
25010250
25011250
25012250
25013250
25014250
25015250
25016250
25017250
25018250
25019250
25020250
25021250
25022250
25023250
25024250
25025250
25026250
25027250
25028250
25029250
25030250
25031250
25032250
25033250
25034250
25035250
25036250
25037250
25038250
25039250
25040250
25041250
25042250
25043250
25044250
25045250
25046250
25047250
25048250
25049250
25050250
25051250
25052250
25053250
25054250
25055250
25056250
25057250
25058250
25059250
25060250
25061250
25062250
25063250
25064250
25065250
25066250
25067250
25068250
25069250
25070250
25071250
25072250
25073250
25074250
25075250
25076250
25077250
25078250
25079250
25080250
25081250
25082250
25083250
25084250
25085250
25086250
25087250
25088250
25089250
25090250
25091250
25092250
25093250
25094250
25095250
25096250
25097250
25098250
25099250
250100250
250101250
250102250
250103250
250104250
250105250
250106250
250107250
250108250
250109250
250110250
250111250
250112250
250113250
250114250
250115250
250116250
250117250
250118250
250119250
250120250
250121250
250122250
250123250
250124250
250125250
250126250
250127250
250128250
250129250
250130250
250131250
250132250
250133250
250134250
250135250
250136250
250137250
250138250
250139250
250140250
250141250
250142250
250143250
250144250
250145250
250146250
250147250
250148250
250149250
250150250
250151250
250152250
250153250
250154250
250155250
250156250
250157250
250158250
250159250
250160250
250161250
250162250
250163250
250164250
250165250
250166250
250167250
250168250
250169250
250170250
250171250
250172250
250173250
250174250
250175250
250176250
250177250
250178250
250179250
250180250
250181250
250182250
250183250
250184250
250185250
250186250
250187250
250188250
250189250
250190250
250191250
250192250
250193250
250194250
250195250
250196250
250197250
250198250
250199250
250200250
250201250
250202250
250203250
250204250
250205250
250206250
250207250
250208250
250209250
250210250
250211250
250212250
250213250
250214250
250215250
250216250
250217250
250218250
250219250
250220250
250221250
250222250
250223250
250224250
250225250
250226250
250227250
250228250
250229250
250230250
250231250
250232250
250233250
250234250
250235250
250236250
250237250
250238250
250239250
250240250
250241250
250242250
250243250
250244250
250245250
250246250
250247250
250248250
250249250
2502500
2502501
2502502
2502503
2502504
2502505
2502506
2502507
2502508
2502509
25025010
25025011
25025012
25025013
25025014
25025015
25025016
25025017
25025018
25025019
25025020
25025021
25025022
25025023
25025024
25025025
25025026
25025027
25025028
25025029
25025030
25025031
25025032
25025033
25025034
25025035
25025036
25025037
25025038
25025039
25025040
25025041
25025042
25025043
25025044
25025045
25025046
25025047
25025048
25025049
25025050
25025051
25025052
25025053
25025054
25025055
25025056
25025057
25025058
25025059
25025060
25025061
25025062
25025063
25025064
25025065
25025066
25025067
25025068
25025069
25025070
25025071
25025072
25025073
25025074
25025075
25025076
25025077
25025078
25025079
25025080
25025081
25025082
25025083
25025084
25025085
25025086
25025087
25025088
25025089
25025090
25025091
25025092
25025093
25025094
25025095
25025096
25025097
25025098
25025099
250250100
250250101
250250102
250250103
250250104
250250105
250250106
250250107
250250108
250250109
250250110
250250111
250250112
250250113
250250114
250250115
250250116
250250117
250250118
250250119
250250120
250250121
250250122
250250123
250250124
250250125
250250126
250250127
250250128
250250129
250250130
250250131
250250132
250250133
250250134
250250135
250250136
250250137
250250138
250250139
250250140
250250141
250250142
250250143
250250144
250250145
250250146
250250147
250250148
250250149
250250150
250250151
250250152
250250153
250250154
250250155
250250156
250250157
250250158
250250159
250250160
250250161
250250162
250250163
250250164
250250165
250250166
250250167
250250168
250250169
250250170
250250171
250250172
250250173
250250174
250250175
250250176
250250177
250250178
250250179
250250180
250250181
250250182
250250183
250250184
250250185
250250186
250250187
250250188
250250189
250250190
250250191
250250192
250250193
250250194
250250195
250250196
250250197
250250198
250250199
250250200
250250201
250250202
250250203
250250204
250250205
250250206
250250207
250250208
250250209
250250210
250250211
250250212
250250213
250250214
250250215
250250216
250250217
250250218
250250219
250250220
250250221
250250222
250250223
250250224
250250225
250250226
250250227
250250228
250250229
250250230
250250231
250250232
250250233
250250234
250250235
250250236
250250237
250250238
250250239
250250240
250250241
250250242
250250243
250250244
250250245
250250246
250250247
250250248
250250249
0249249
1249249
2249249
3249249
4249249
5249249
6249249
7249249
8249249
9249249
10249249
11249249
12249249
13249249
14249249
15249249
16249249
17249249
18249249
19249249
20249249
21249249
22249249
23249249
24249249
25249249
26249249
27249249
28249249
29249249
30249249
31249249
32249249
33249249
34249249
35249249
36249249
37249249
38249249
39249249
40249249
41249249
42249249
43249249
44249249
45249249
46249249
47249249
48249249
49249249
50249249
51249249
52249249
53249249
54249249
55249249
56249249
57249249
58249249
59249249
60249249
61249249
62249249
63249249
64249249
65249249
66249249
67249249
68249249
69249249
70249249
71249249
72249249
73249249
74249249
75249249
76249249
77249249
78249249
79249249
80249249
81249249
82249249
83249249
84249249
85249249
86249249
87249249
88249249
89249249
90249249
91249249
92249249
93249249
94249249
95249249
96249249
97249249
98249249
99249249
100249249
101249249
102249249
103249249
104249249
105249249
106249249
107249249
108249249
109249249
110249249
111249249
112249249
113249249
114249249
115249249
116249249
117249249
118249249
119249249
120249249
121249249
122249249
123249249
124249249
125249249
126249249
127249249
128249249
129249249
130249249
131249249
132249249
133249249
134249249
135249249
136249249
137249249
138249249
139249249
140249249
141249249
142249249
143249249
144249249
145249249
146249249
147249249
148249249
149249249
150249249
151249249
152249249
153249249
154249249
155249249
156249249
157249249
158249249
159249249
160249249
161249249
162249249
163249249
164249249
165249249
166249249
167249249
168249249
169249249
170249249
171249249
172249249
173249249
174249249
175249249
176249249
177249249
178249249
179249249
180249249
181249249
182249249
183249249
184249249
185249249
186249249
187249249
188249249
189249249
190249249
191249249
192249249
193249249
194249249
195249249
196249249
197249249
198249249
199249249
200249249
201249249
202249249
203249249
204249249
205249249
206249249
207249249
208249249
209249249
210249249
211249249
212249249
213249249
214249249
215249249
216249249
217249249
218249249
219249249
220249249
221249249
222249249
223249249
224249249
225249249
226249249
227249249
228249249
229249249
230249249
231249249
232249249
233249249
234249249
235249249
236249249
237249249
238249249
239249249
240249249
241249249
242249249
243249249
244249249
245249249
246249249
247249249
248249249
249249249
2490249
2491249
2492249
2493249
2494249
2495249
2496249
2497249
2498249
2499249
24910249
24911249
24912249
24913249
24914249
24915249
24916249
24917249
24918249
24919249
24920249
24921249
24922249
24923249
24924249
24925249
24926249
24927249
24928249
24929249
24930249
24931249
24932249
24933249
24934249
24935249
24936249
24937249
24938249
24939249
24940249
24941249
24942249
24943249
24944249
24945249
24946249
24947249
24948249
24949249
24950249
24951249
24952249
24953249
24954249
24955249
24956249
24957249
24958249
24959249
24960249
24961249
24962249
24963249
24964249
24965249
24966249
24967249
24968249
24969249
24970249
24971249
24972249
24973249
24974249
24975249
24976249
24977249
24978249
24979249
24980249
24981249
24982249
24983249
24984249
24985249
24986249
24987249
24988249
24989249
24990249
24991249
24992249
24993249
24994249
24995249
24996249
24997249
24998249
24999249
249100249
249101249
249102249
249103249
249104249
249105249
249106249
249107249
249108249
249109249
249110249
249111249
249112249
249113249
249114249
249115249
249116249
249117249
249118249
249119249
249120249
249121249
249122249
249123249
249124249
249125249
249126249
249127249
249128249
249129249
249130249
249131249
249132249
249133249
249134249
249135249
249136249
249137249
249138249
249139249
249140249
249141249
249142249
249143249
249144249
249145249
249146249
249147249
249148249
249149249
249150249
249151249
249152249
249153249
249154249
249155249
249156249
249157249
249158249
249159249
249160249
249161249
249162249
249163249
249164249
249165249
249166249
249167249
249168249
249169249
249170249
249171249
249172249
249173249
249174249
249175249
249176249
249177249
249178249
249179249
249180249
249181249
249182249
249183249
249184249
249185249
249186249
249187249
249188249
249189249
249190249
249191249
249192249
249193249
249194249
249195249
249196249
249197249
249198249
249199249
249200249
249201249
249202249
249203249
249204249
249205249
249206249
249207249
249208249
249209249
249210249
249211249
249212249
249213249
249214249
249215249
249216249
249217249
249218249
249219249
249220249
249221249
249222249
249223249
249224249
249225249
249226249
249227249
249228249
249229249
249230249
249231249
249232249
249233249
249234249
249235249
249236249
249237249
249238249
249239249
249240249
249241249
249242249
249243249
249244249
249245249
249246249
249247249
249248249
2492490
2492491
2492492
2492493
2492494
2492495
2492496
2492497
2492498
2492499
24924910
24924911
24924912
24924913
24924914
24924915
24924916
24924917
24924918
24924919
24924920
24924921
24924922
24924923
24924924
24924925
24924926
24924927
24924928
24924929
24924930
24924931
24924932
24924933
24924934
24924935
24924936
24924937
24924938
24924939
24924940
24924941
24924942
24924943
24924944
24924945
24924946
24924947
24924948
24924949
24924950
24924951
24924952
24924953
24924954
24924955
24924956
24924957
24924958
24924959
24924960
24924961
24924962
24924963
24924964
24924965
24924966
24924967
24924968
24924969
24924970
24924971
24924972
24924973
24924974
24924975
24924976
24924977
24924978
24924979
24924980
24924981
24924982
24924983
24924984
24924985
24924986
24924987
24924988
24924989
24924990
24924991
24924992
24924993
24924994
24924995
24924996
24924997
24924998
24924999
249249100
249249101
249249102
249249103
249249104
249249105
249249106
249249107
249249108
249249109
249249110
249249111
249249112
249249113
249249114
249249115
249249116
249249117
249249118
249249119
249249120
249249121
249249122
249249123
249249124
249249125
249249126
249249127
249249128
249249129
249249130
249249131
249249132
249249133
249249134
249249135
249249136
249249137
249249138
249249139
249249140
249249141
249249142
249249143
249249144
249249145
249249146
249249147
249249148
249249149
249249150
249249151
249249152
249249153
249249154
249249155
249249156
249249157
249249158
249249159
249249160
249249161
249249162
249249163
249249164
249249165
249249166
249249167
249249168
249249169
249249170
249249171
249249172
249249173
249249174
249249175
249249176
249249177
249249178
249249179
249249180
249249181
249249182
249249183
249249184
249249185
249249186
249249187
249249188
249249189
249249190
249249191
249249192
249249193
249249194
249249195
249249196
249249197
249249198
249249199
249249200
249249201
249249202
249249203
249249204
249249205
249249206
249249207
249249208
249249209
249249210
249249211
249249212
249249213
249249214
249249215
249249216
249249217
249249218
249249219
249249220
249249221
249249222
249249223
249249224
249249225
249249226
249249227
249249228
249249229
249249230
249249231
249249232
249249233
249249234
249249235
249249236
249249237
249249238
249249239
249249240
249249241
249249242
249249243
249249244
249249245
249249246
249249247
249249248
0248248
1248248
2248248
3248248
4248248
5248248
6248248
7248248
8248248
9248248
10248248
11248248
12248248
13248248
14248248
15248248
16248248
17248248
18248248
19248248
20248248
21248248
22248248
23248248
24248248
25248248
26248248
27248248
28248248
29248248
30248248
31248248
32248248
33248248
34248248
35248248
36248248
37248248
38248248
39248248
40248248
41248248
42248248
43248248
44248248
45248248
46248248
47248248
48248248
49248248
50248248
51248248
52248248
53248248
54248248
55248248
56248248
57248248
58248248
59248248
60248248
61248248
62248248
63248248
64248248
65248248
66248248
67248248
68248248
69248248
70248248
71248248
72248248
73248248
74248248
75248248
76248248
77248248
78248248
79248248
80248248
81248248
82248248
83248248
84248248
85248248
86248248
87248248
88248248
89248248
90248248
91248248
92248248
93248248
94248248
95248248
96248248
97248248
98248248
99248248
100248248
101248248
102248248
103248248
104248248
105248248
106248248
107248248
108248248
109248248
110248248
111248248
112248248
113248248
114248248
115248248
116248248
117248248
118248248
119248248
120248248
121248248
122248248
123248248
124248248
125248248
126248248
127248248
128248248
129248248
130248248
131248248
132248248
133248248
134248248
135248248
136248248
137248248
138248248
139248248
140248248
141248248
142248248
143248248
144248248
145248248
146248248
147248248
148248248
149248248
150248248
151248248
152248248
153248248
154248248
155248248
156248248
157248248
158248248
159248248
160248248
161248248
162248248
163248248
164248248
165248248
166248248
167248248
168248248
169248248
170248248
171248248
172248248
173248248
174248248
175248248
176248248
177248248
178248248
179248248
180248248
181248248
182248248
183248248
184248248
185248248
186248248
187248248
188248248
189248248
190248248
191248248
192248248
193248248
194248248
195248248
196248248
197248248
198248248
199248248
200248248
201248248
202248248
203248248
204248248
205248248
206248248
207248248
208248248
209248248
210248248
211248248
212248248
213248248
214248248
215248248
216248248
217248248
218248248
219248248
220248248
221248248
222248248
223248248
224248248
225248248
226248248
227248248
228248248
229248248
230248248
231248248
232248248
233248248
234248248
235248248
236248248
237248248
238248248
239248248
240248248
241248248
242248248
243248248
244248248
245248248
246248248
247248248
248248248
2480248
2481248
2482248
2483248
2484248
2485248
2486248
2487248
2488248
2489248
24810248
24811248
24812248
24813248
24814248
24815248
24816248
24817248
24818248
24819248
24820248
24821248
24822248
24823248
24824248
24825248
24826248
24827248
24828248
24829248
24830248
24831248
24832248
24833248
24834248
24835248
24836248
24837248
24838248
24839248
24840248
24841248
24842248
24843248
24844248
24845248
24846248
24847248
24848248
24849248
24850248
24851248
24852248
24853248
24854248
24855248
24856248
24857248
24858248
24859248
24860248
24861248
24862248
24863248
24864248
24865248
24866248
24867248
24868248
24869248
24870248
24871248
24872248
24873248
24874248
24875248
24876248
24877248
24878248
24879248
24880248
24881248
24882248
24883248
24884248
24885248
24886248
24887248
24888248
24889248
24890248
24891248
24892248
24893248
24894248
24895248
24896248
24897248
24898248
24899248
248100248
248101248
248102248
248103248
248104248
248105248
248106248
248107248
248108248
248109248
248110248
248111248
248112248
248113248
248114248
248115248
248116248
248117248
248118248
248119248
248120248
248121248
248122248
248123248
248124248
248125248
248126248
248127248
248128248
248129248
248130248
248131248
248132248
248133248
248134248
248135248
248136248
248137248
248138248
248139248
248140248
248141248
248142248
248143248
248144248
248145248
248146248
248147248
248148248
248149248
248150248
248151248
248152248
248153248
248154248
248155248
248156248
248157248
248158248
248159248
248160248
248161248
248162248
248163248
248164248
248165248
248166248
248167248
248168248
248169248
248170248
248171248
248172248
248173248
248174248
248175248
248176248
248177248
248178248
248179248
248180248
248181248
248182248
248183248
248184248
248185248
248186248
248187248
248188248
248189248
248190248
248191248
248192248
248193248
248194248
248195248
248196248
248197248
248198248
248199248
248200248
248201248
248202248
248203248
248204248
248205248
248206248
248207248
248208248
248209248
248210248
248211248
248212248
248213248
248214248
248215248
248216248
248217248
248218248
248219248
248220248
248221248
248222248
248223248
248224248
248225248
248226248
248227248
248228248
248229248
248230248
248231248
248232248
248233248
248234248
248235248
248236248
248237248
248238248
248239248
248240248
248241248
248242248
248243248
248244248
248245248
248246248
248247248
2482480
2482481
2482482
2482483
2482484
2482485
2482486
2482487
2482488
2482489
24824810
24824811
24824812
24824813
24824814
24824815
24824816
24824817
24824818
24824819
24824820
24824821
24824822
24824823
24824824
24824825
24824826
24824827
24824828
24824829
24824830
24824831
24824832
24824833
24824834
24824835
24824836
24824837
24824838
24824839
24824840
24824841
24824842
24824843
24824844
24824845
24824846
24824847
24824848
24824849
24824850
24824851
24824852
24824853
24824854
24824855
24824856
24824857
24824858
24824859
24824860
24824861
24824862
24824863
24824864
24824865
24824866
24824867
24824868
24824869
24824870
24824871
24824872
24824873
24824874
24824875
24824876
24824877
24824878
24824879
24824880
24824881
24824882
24824883
24824884
24824885
24824886
24824887
24824888
24824889
24824890
24824891
24824892
24824893
24824894
24824895
24824896
24824897
24824898
24824899
248248100
248248101
248248102
248248103
248248104
248248105
248248106
248248107
248248108
248248109
248248110
248248111
248248112
248248113
248248114
248248115
248248116
248248117
248248118
248248119
248248120
248248121
248248122
248248123
248248124
248248125
248248126
248248127
248248128
248248129
248248130
248248131
248248132
248248133
248248134
248248135
248248136
248248137
248248138
248248139
248248140
248248141
248248142
248248143
248248144
248248145
248248146
248248147
248248148
248248149
248248150
248248151
248248152
248248153
248248154
248248155
248248156
248248157
248248158
248248159
248248160
248248161
248248162
248248163
248248164
248248165
248248166
248248167
248248168
248248169
248248170
248248171
248248172
248248173
248248174
248248175
248248176
248248177
248248178
248248179
248248180
248248181
248248182
248248183
248248184
248248185
248248186
248248187
248248188
248248189
248248190
248248191
248248192
248248193
248248194
248248195
248248196
248248197
248248198
248248199
248248200
248248201
248248202
248248203
248248204
248248205
248248206
248248207
248248208
248248209
248248210
248248211
248248212
248248213
248248214
248248215
248248216
248248217
248248218
248248219
248248220
248248221
248248222
248248223
248248224
248248225
248248226
248248227
248248228
248248229
248248230
248248231
248248232
248248233
248248234
248248235
248248236
248248237
248248238
248248239
248248240
248248241
248248242
248248243
248248244
248248245
248248246
248248247
0247247
1247247
2247247
3247247
4247247
5247247
6247247
7247247
8247247
9247247
10247247
11247247
12247247
13247247
14247247
15247247
16247247
17247247
18247247
19247247
20247247
21247247
22247247
23247247
24247247
25247247
26247247
27247247
28247247
29247247
30247247
31247247
32247247
33247247
34247247
35247247
36247247
37247247
38247247
39247247
40247247
41247247
42247247
43247247
44247247
45247247
46247247
47247247
48247247
49247247
50247247
51247247
52247247
53247247
54247247
55247247
56247247
57247247
58247247
59247247
60247247
61247247
62247247
63247247
64247247
65247247
66247247
67247247
68247247
69247247
70247247
71247247
72247247
73247247
74247247
75247247
76247247
77247247
78247247
79247247
80247247
81247247
82247247
83247247
84247247
85247247
86247247
87247247
88247247
89247247
90247247
91247247
92247247
93247247
94247247
95247247
96247247
97247247
98247247
99247247
100247247
101247247
102247247
103247247
104247247
105247247
106247247
107247247
108247247
109247247
110247247
111247247
112247247
113247247
114247247
115247247
116247247
117247247
118247247
119247247
120247247
121247247
122247247
123247247
124247247
125247247
126247247
127247247
128247247
129247247
130247247
131247247
132247247
133247247
134247247
135247247
136247247
137247247
138247247
139247247
140247247
141247247
142247247
143247247
144247247
145247247
146247247
147247247
148247247
149247247
150247247
151247247
152247247
153247247
154247247
155247247
156247247
157247247
158247247
159247247
160247247
161247247
162247247
163247247
164247247
165247247
166247247
167247247
168247247
169247247
170247247
171247247
172247247
173247247
174247247
175247247
176247247
177247247
178247247
179247247
180247247
181247247
182247247
183247247
184247247
185247247
186247247
187247247
188247247
189247247
190247247
191247247
192247247
193247247
194247247
195247247
196247247
197247247
198247247
199247247
200247247
201247247
202247247
203247247
204247247
205247247
206247247
207247247
208247247
209247247
210247247
211247247
212247247
213247247
214247247
215247247
216247247
217247247
218247247
219247247
220247247
221247247
222247247
223247247
224247247
225247247
226247247
227247247
228247247
229247247
230247247
231247247
232247247
233247247
234247247
235247247
236247247
237247247
238247247
239247247
240247247
241247247
242247247
243247247
244247247
245247247
246247247
247247247
2470247
2471247
2472247
2473247
2474247
2475247
2476247
2477247
2478247
2479247
24710247
24711247
24712247
24713247
24714247
24715247
24716247
24717247
24718247
24719247
24720247
24721247
24722247
24723247
24724247
24725247
24726247
24727247
24728247
24729247
24730247
24731247
24732247
24733247
24734247
24735247
24736247
24737247
24738247
24739247
24740247
24741247
24742247
24743247
24744247
24745247
24746247
24747247
24748247
24749247
24750247
24751247
24752247
24753247
24754247
24755247
24756247
24757247
24758247
24759247
24760247
24761247
24762247
24763247
24764247
24765247
24766247
24767247
24768247
24769247
24770247
24771247
24772247
24773247
24774247
24775247
24776247
24777247
24778247
24779247
24780247
24781247
24782247
24783247
24784247
24785247
24786247
24787247
24788247
24789247
24790247
24791247
24792247
24793247
24794247
24795247
24796247
24797247
24798247
24799247
247100247
247101247
247102247
247103247
247104247
247105247
247106247
247107247
247108247
247109247
247110247
247111247
247112247
247113247
247114247
247115247
247116247
247117247
247118247
247119247
247120247
247121247
247122247
247123247
247124247
247125247
247126247
247127247
247128247
247129247
247130247
247131247
247132247
247133247
247134247
247135247
247136247
247137247
247138247
247139247
247140247
247141247
247142247
247143247
247144247
247145247
247146247
247147247
247148247
247149247
247150247
247151247
247152247
247153247
247154247
247155247
247156247
247157247
247158247
247159247
247160247
247161247
247162247
247163247
247164247
247165247
247166247
247167247
247168247
247169247
247170247
247171247
247172247
247173247
247174247
247175247
247176247
247177247
247178247
247179247
247180247
247181247
247182247
247183247
247184247
247185247
247186247
247187247
247188247
247189247
247190247
247191247
247192247
247193247
247194247
247195247
247196247
247197247
247198247
247199247
247200247
247201247
247202247
247203247
247204247
247205247
247206247
247207247
247208247
247209247
247210247
247211247
247212247
247213247
247214247
247215247
247216247
247217247
247218247
247219247
247220247
247221247
247222247
247223247
247224247
247225247
247226247
247227247
247228247
247229247
247230247
247231247
247232247
247233247
247234247
247235247
247236247
247237247
247238247
247239247
247240247
247241247
247242247
247243247
247244247
247245247
247246247
2472470
2472471
2472472
2472473
2472474
2472475
2472476
2472477
2472478
2472479
24724710
24724711
24724712
24724713
24724714
24724715
24724716
24724717
24724718
24724719
24724720
24724721
24724722
24724723
24724724
24724725
24724726
24724727
24724728
24724729
24724730
24724731
24724732
24724733
24724734
24724735
24724736
24724737
24724738
24724739
24724740
24724741
24724742
24724743
24724744
24724745
24724746
24724747
24724748
24724749
24724750
24724751
24724752
24724753
24724754
24724755
24724756
24724757
24724758
24724759
24724760
24724761
24724762
24724763
24724764
24724765
24724766
24724767
24724768
24724769
24724770
24724771
24724772
24724773
24724774
24724775
24724776
24724777
24724778
24724779
24724780
24724781
24724782
24724783
24724784
24724785
24724786
24724787
24724788
24724789
24724790
24724791
24724792
24724793
24724794
24724795
24724796
24724797
24724798
24724799
247247100
247247101
247247102
247247103
247247104
247247105
247247106
247247107
247247108
247247109
247247110
247247111
247247112
247247113
247247114
247247115
247247116
247247117
247247118
247247119
247247120
247247121
247247122
247247123
247247124
247247125
247247126
247247127
247247128
247247129
247247130
247247131
247247132
247247133
247247134
247247135
247247136
247247137
247247138
247247139
247247140
247247141
247247142
247247143
247247144
247247145
247247146
247247147
247247148
247247149
247247150
247247151
247247152
247247153
247247154
247247155
247247156
247247157
247247158
247247159
247247160
247247161
247247162
247247163
247247164
247247165
247247166
247247167
247247168
247247169
247247170
247247171
247247172
247247173
247247174
247247175
247247176
247247177
247247178
247247179
247247180
247247181
247247182
247247183
247247184
247247185
247247186
247247187
247247188
247247189
247247190
247247191
247247192
247247193
247247194
247247195
247247196
247247197
247247198
247247199
247247200
247247201
247247202
247247203
247247204
247247205
247247206
247247207
247247208
247247209
247247210
247247211
247247212
247247213
247247214
247247215
247247216
247247217
247247218
247247219
247247220
247247221
247247222
247247223
247247224
247247225
247247226
247247227
247247228
247247229
247247230
247247231
247247232
247247233
247247234
247247235
247247236
247247237
247247238
247247239
247247240
247247241
247247242
247247243
247247244
247247245
247247246
0246246
1246246
2246246
3246246
4246246
5246246
6246246
7246246
8246246
9246246
10246246
11246246
12246246
13246246
14246246
15246246
16246246
17246246
18246246
19246246
20246246
21246246
22246246
23246246
24246246
25246246
26246246
27246246
28246246
29246246
30246246
31246246
32246246
33246246
34246246
35246246
36246246
37246246
38246246
39246246
40246246
41246246
42246246
43246246
44246246
45246246
46246246
47246246
48246246
49246246
50246246
51246246
52246246
53246246
54246246
55246246
56246246
57246246
58246246
59246246
60246246
61246246
62246246
63246246
64246246
65246246
66246246
67246246
68246246
69246246
70246246
71246246
72246246
73246246
74246246
75246246
76246246
77246246
78246246
79246246
80246246
81246246
82246246
83246246
84246246
85246246
86246246
87246246
88246246
89246246
90246246
91246246
92246246
93246246
94246246
95246246
96246246
97246246
98246246
99246246
100246246
101246246
102246246
103246246
104246246
105246246
106246246
107246246
108246246
109246246
110246246
111246246
112246246
113246246
114246246
115246246
116246246
117246246
118246246
119246246
120246246
121246246
122246246
123246246
124246246
125246246
126246246
127246246
128246246
129246246
130246246
131246246
132246246
133246246
134246246
135246246
136246246
137246246
138246246
139246246
140246246
141246246
142246246
143246246
144246246
145246246
146246246
147246246
148246246
149246246
150246246
151246246
152246246
153246246
154246246
155246246
156246246
157246246
158246246
159246246
160246246
161246246
162246246
163246246
164246246
165246246
166246246
167246246
168246246
169246246
170246246
171246246
172246246
173246246
174246246
175246246
176246246
177246246
178246246
179246246
180246246
181246246
182246246
183246246
184246246
185246246
186246246
187246246
188246246
189246246
190246246
191246246
192246246
193246246
194246246
195246246
196246246
197246246
198246246
199246246
200246246
201246246
202246246
203246246
204246246
205246246
206246246
207246246
208246246
209246246
210246246
211246246
212246246
213246246
214246246
215246246
216246246
217246246
218246246
219246246
220246246
221246246
222246246
223246246
224246246
225246246
226246246
227246246
228246246
229246246
230246246
231246246
232246246
233246246
234246246
235246246
236246246
237246246
238246246
239246246
240246246
241246246
242246246
243246246
244246246
245246246
246246246
2460246
2461246
2462246
2463246
2464246
2465246
2466246
2467246
2468246
2469246
24610246
24611246
24612246
24613246
24614246
24615246
24616246
24617246
24618246
24619246
24620246
24621246
24622246
24623246
24624246
24625246
24626246
24627246
24628246
24629246
24630246
24631246
24632246
24633246
24634246
24635246
24636246
24637246
24638246
24639246
24640246
24641246
24642246
24643246
24644246
24645246
24646246
24647246
24648246
24649246
24650246
24651246
24652246
24653246
24654246
24655246
24656246
24657246
24658246
24659246
24660246
24661246
24662246
24663246
24664246
24665246
24666246
24667246
24668246
24669246
24670246
24671246
24672246
24673246
24674246
24675246
24676246
24677246
24678246
24679246
24680246
24681246
24682246
24683246
24684246
24685246
24686246
24687246
24688246
24689246
24690246
24691246
24692246
24693246
24694246
24695246
24696246
24697246
24698246
24699246
246100246
246101246
246102246
246103246
246104246
246105246
246106246
246107246
246108246
246109246
246110246
246111246
246112246
246113246
246114246
246115246
246116246
246117246
246118246
246119246
246120246
246121246
246122246
246123246
246124246
246125246
246126246
246127246
246128246
246129246
246130246
246131246
246132246
246133246
246134246
246135246
246136246
246137246
246138246
246139246
246140246
246141246
246142246
246143246
246144246
246145246
246146246
246147246
246148246
246149246
246150246
246151246
246152246
246153246
246154246
246155246
246156246
246157246
246158246
246159246
246160246
246161246
246162246
246163246
246164246
246165246
246166246
246167246
246168246
246169246
246170246
246171246
246172246
246173246
246174246
246175246
246176246
246177246
246178246
246179246
246180246
246181246
246182246
246183246
246184246
246185246
246186246
246187246
246188246
246189246
246190246
246191246
246192246
246193246
246194246
246195246
246196246
246197246
246198246
246199246
246200246
246201246
246202246
246203246
246204246
246205246
246206246
246207246
246208246
246209246
246210246
246211246
246212246
246213246
246214246
246215246
246216246
246217246
246218246
246219246
246220246
246221246
246222246
246223246
246224246
246225246
246226246
246227246
246228246
246229246
246230246
246231246
246232246
246233246
246234246
246235246
246236246
246237246
246238246
246239246
246240246
246241246
246242246
246243246
246244246
246245246
2462460
2462461
2462462
2462463
2462464
2462465
2462466
2462467
2462468
2462469
24624610
24624611
24624612
24624613
24624614
24624615
24624616
24624617
24624618
24624619
24624620
24624621
24624622
24624623
24624624
24624625
24624626
24624627
24624628
24624629
24624630
24624631
24624632
24624633
24624634
24624635
24624636
24624637
24624638
24624639
24624640
24624641
24624642
24624643
24624644
24624645
24624646
24624647
24624648
24624649
24624650
24624651
24624652
24624653
24624654
24624655
24624656
24624657
24624658
24624659
24624660
24624661
24624662
24624663
24624664
24624665
24624666
24624667
24624668
24624669
24624670
24624671
24624672
24624673
24624674
24624675
24624676
24624677
24624678
24624679
24624680
24624681
24624682
24624683
24624684
24624685
24624686
24624687
24624688
24624689
24624690
24624691
24624692
24624693
24624694
24624695
24624696
24624697
24624698
24624699
246246100
246246101
246246102
246246103
246246104
246246105
246246106
246246107
246246108
246246109
246246110
246246111
246246112
246246113
246246114
246246115
246246116
246246117
246246118
246246119
246246120
246246121
246246122
246246123
246246124
246246125
246246126
246246127
246246128
246246129
246246130
246246131
246246132
246246133
246246134
246246135
246246136
246246137
246246138
246246139
246246140
246246141
246246142
246246143
246246144
246246145
246246146
246246147
246246148
246246149
246246150
246246151
246246152
246246153
246246154
246246155
246246156
246246157
246246158
246246159
246246160
246246161
246246162
246246163
246246164
246246165
246246166
246246167
246246168
246246169
246246170
246246171
246246172
246246173
246246174
246246175
246246176
246246177
246246178
246246179
246246180
246246181
246246182
246246183
246246184
246246185
246246186
246246187
246246188
246246189
246246190
246246191
246246192
246246193
246246194
246246195
246246196
246246197
246246198
246246199
246246200
246246201
246246202
246246203
246246204
246246205
246246206
246246207
246246208
246246209
246246210
246246211
246246212
246246213
246246214
246246215
246246216
246246217
246246218
246246219
246246220
246246221
246246222
246246223
246246224
246246225
246246226
246246227
246246228
246246229
246246230
246246231
246246232
246246233
246246234
246246235
246246236
246246237
246246238
246246239
246246240
246246241
246246242
246246243
246246244
246246245
0245245
1245245
2245245
3245245
4245245
5245245
6245245
7245245
8245245
9245245
10245245
11245245
12245245
13245245
14245245
15245245
16245245
17245245
18245245
19245245
20245245
21245245
22245245
23245245
24245245
25245245
26245245
27245245
28245245
29245245
30245245
31245245
32245245
33245245
34245245
35245245
36245245
37245245
38245245
39245245
40245245
41245245
42245245
43245245
44245245
45245245
46245245
47245245
48245245
49245245
50245245
51245245
52245245
53245245
54245245
55245245
56245245
57245245
58245245
59245245
60245245
61245245
62245245
63245245
64245245
65245245
66245245
67245245
68245245
69245245
70245245
71245245
72245245
73245245
74245245
75245245
76245245
77245245
78245245
79245245
80245245
81245245
82245245
83245245
84245245
85245245
86245245
87245245
88245245
89245245
90245245
91245245
92245245
93245245
94245245
95245245
96245245
97245245
98245245
99245245
100245245
101245245
102245245
103245245
104245245
105245245
106245245
107245245
108245245
109245245
110245245
111245245
112245245
113245245
114245245
115245245
116245245
117245245
118245245
119245245
120245245
121245245
122245245
123245245
124245245
125245245
126245245
127245245
128245245
129245245
130245245
131245245
132245245
133245245
134245245
135245245
136245245
137245245
138245245
139245245
140245245
141245245
142245245
143245245
144245245
145245245
146245245
147245245
148245245
149245245
150245245
151245245
152245245
153245245
154245245
155245245
156245245
157245245
158245245
159245245
160245245
161245245
162245245
163245245
164245245
165245245
166245245
167245245
168245245
169245245
170245245
171245245
172245245
173245245
174245245
175245245
176245245
177245245
178245245
179245245
180245245
181245245
182245245
183245245
184245245
185245245
186245245
187245245
188245245
189245245
190245245
191245245
192245245
193245245
194245245
195245245
196245245
197245245
198245245
199245245
200245245
201245245
202245245
203245245
204245245
205245245
206245245
207245245
208245245
209245245
210245245
211245245
212245245
213245245
214245245
215245245
216245245
217245245
218245245
219245245
220245245
221245245
222245245
223245245
224245245
225245245
226245245
227245245
228245245
229245245
230245245
231245245
232245245
233245245
234245245
235245245
236245245
237245245
238245245
239245245
240245245
241245245
242245245
243245245
244245245
245245245
2450245
2451245
2452245
2453245
2454245
2455245
2456245
2457245
2458245
2459245
24510245
24511245
24512245
24513245
24514245
24515245
24516245
24517245
24518245
24519245
24520245
24521245
24522245
24523245
24524245
24525245
24526245
24527245
24528245
24529245
24530245
24531245
24532245
24533245
24534245
24535245
24536245
24537245
24538245
24539245
24540245
24541245
24542245
24543245
24544245
24545245
24546245
24547245
24548245
24549245
24550245
24551245
24552245
24553245
24554245
24555245
24556245
24557245
24558245
24559245
24560245
24561245
24562245
24563245
24564245
24565245
24566245
24567245
24568245
24569245
24570245
24571245
24572245
24573245
24574245
24575245
24576245
24577245
24578245
24579245
24580245
24581245
24582245
24583245
24584245
24585245
24586245
24587245
24588245
24589245
24590245
24591245
24592245
24593245
24594245
24595245
24596245
24597245
24598245
24599245
245100245
245101245
245102245
245103245
245104245
245105245
245106245
245107245
245108245
245109245
245110245
245111245
245112245
245113245
245114245
245115245
245116245
245117245
245118245
245119245
245120245
245121245
245122245
245123245
245124245
245125245
245126245
245127245
245128245
245129245
245130245
245131245
245132245
245133245
245134245
245135245
245136245
245137245
245138245
245139245
245140245
245141245
245142245
245143245
245144245
245145245
245146245
245147245
245148245
245149245
245150245
245151245
245152245
245153245
245154245
245155245
245156245
245157245
245158245
245159245
245160245
245161245
245162245
245163245
245164245
245165245
245166245
245167245
245168245
245169245
245170245
245171245
245172245
245173245
245174245
245175245
245176245
245177245
245178245
245179245
245180245
245181245
245182245
245183245
245184245
245185245
245186245
245187245
245188245
245189245
245190245
245191245
245192245
245193245
245194245
245195245
245196245
245197245
245198245
245199245
245200245
245201245
245202245
245203245
245204245
245205245
245206245
245207245
245208245
245209245
245210245
245211245
245212245
245213245
245214245
245215245
245216245
245217245
245218245
245219245
245220245
245221245
245222245
245223245
245224245
245225245
245226245
245227245
245228245
245229245
245230245
245231245
245232245
245233245
245234245
245235245
245236245
245237245
245238245
245239245
245240245
245241245
245242245
245243245
245244245
2452450
2452451
2452452
2452453
2452454
2452455
2452456
2452457
2452458
2452459
24524510
24524511
24524512
24524513
24524514
24524515
24524516
24524517
24524518
24524519
24524520
24524521
24524522
24524523
24524524
24524525
24524526
24524527
24524528
24524529
24524530
24524531
24524532
24524533
24524534
24524535
24524536
24524537
24524538
24524539
24524540
24524541
24524542
24524543
24524544
24524545
24524546
24524547
24524548
24524549
24524550
24524551
24524552
24524553
24524554
24524555
24524556
24524557
24524558
24524559
24524560
24524561
24524562
24524563
24524564
24524565
24524566
24524567
24524568
24524569
24524570
24524571
24524572
24524573
24524574
24524575
24524576
24524577
24524578
24524579
24524580
24524581
24524582
24524583
24524584
24524585
24524586
24524587
24524588
24524589
24524590
24524591
24524592
24524593
24524594
24524595
24524596
24524597
24524598
24524599
245245100
245245101
245245102
245245103
245245104
245245105
245245106
245245107
245245108
245245109
245245110
245245111
245245112
245245113
245245114
245245115
245245116
245245117
245245118
245245119
245245120
245245121
245245122
245245123
245245124
245245125
245245126
245245127
245245128
245245129
245245130
245245131
245245132
245245133
245245134
245245135
245245136
245245137
245245138
245245139
245245140
245245141
245245142
245245143
245245144
245245145
245245146
245245147
245245148
245245149
245245150
245245151
245245152
245245153
245245154
245245155
245245156
245245157
245245158
245245159
245245160
245245161
245245162
245245163
245245164
245245165
245245166
245245167
245245168
245245169
245245170
245245171
245245172
245245173
245245174
245245175
245245176
245245177
245245178
245245179
245245180
245245181
245245182
245245183
245245184
245245185
245245186
245245187
245245188
245245189
245245190
245245191
245245192
245245193
245245194
245245195
245245196
245245197
245245198
245245199
245245200
245245201
245245202
245245203
245245204
245245205
245245206
245245207
245245208
245245209
245245210
245245211
245245212
245245213
245245214
245245215
245245216
245245217
245245218
245245219
245245220
245245221
245245222
245245223
245245224
245245225
245245226
245245227
245245228
245245229
245245230
245245231
245245232
245245233
245245234
245245235
245245236
245245237
245245238
245245239
245245240
245245241
245245242
245245243
245245244
0244244
1244244
2244244
3244244
4244244
5244244
6244244
7244244
8244244
9244244
10244244
11244244
12244244
13244244
14244244
15244244
16244244
17244244
18244244
19244244
20244244
21244244
22244244
23244244
24244244
25244244
26244244
27244244
28244244
29244244
30244244
31244244
32244244
33244244
34244244
35244244
36244244
37244244
38244244
39244244
40244244
41244244
42244244
43244244
44244244
45244244
46244244
47244244
48244244
49244244
50244244
51244244
52244244
53244244
54244244
55244244
56244244
57244244
58244244
59244244
60244244
61244244
62244244
63244244
64244244
65244244
66244244
67244244
68244244
69244244
70244244
71244244
72244244
73244244
74244244
75244244
76244244
77244244
78244244
79244244
80244244
81244244
82244244
83244244
84244244
85244244
86244244
87244244
88244244
89244244
90244244
91244244
92244244
93244244
94244244
95244244
96244244
97244244
98244244
99244244
100244244
101244244
102244244
103244244
104244244
105244244
106244244
107244244
108244244
109244244
110244244
111244244
112244244
113244244
114244244
115244244
116244244
117244244
118244244
119244244
120244244
121244244
122244244
123244244
124244244
125244244
126244244
127244244
128244244
129244244
130244244
131244244
132244244
133244244
134244244
135244244
136244244
137244244
138244244
139244244
140244244
141244244
142244244
143244244
144244244
145244244
146244244
147244244
148244244
149244244
150244244
151244244
152244244
153244244
154244244
155244244
156244244
157244244
158244244
159244244
160244244
161244244
162244244
163244244
164244244
165244244
166244244
167244244
168244244
169244244
170244244
171244244
172244244
173244244
174244244
175244244
176244244
177244244
178244244
179244244
180244244
181244244
182244244
183244244
184244244
185244244
186244244
187244244
188244244
189244244
190244244
191244244
192244244
193244244
194244244
195244244
196244244
197244244
198244244
199244244
200244244
201244244
202244244
203244244
204244244
205244244
206244244
207244244
208244244
209244244
210244244
211244244
212244244
213244244
214244244
215244244
216244244
217244244
218244244
219244244
220244244
221244244
222244244
223244244
224244244
225244244
226244244
227244244
228244244
229244244
230244244
231244244
232244244
233244244
234244244
235244244
236244244
237244244
238244244
239244244
240244244
241244244
242244244
243244244
244244244
2440244
2441244
2442244
2443244
2444244
2445244
2446244
2447244
2448244
2449244
24410244
24411244
24412244
24413244
24414244
24415244
24416244
24417244
24418244
24419244
24420244
24421244
24422244
24423244
24424244
24425244
24426244
24427244
24428244
24429244
24430244
24431244
24432244
24433244
24434244
24435244
24436244
24437244
24438244
24439244
24440244
24441244
24442244
24443244
24444244
24445244
24446244
24447244
24448244
24449244
24450244
24451244
24452244
24453244
24454244
24455244
24456244
24457244
24458244
24459244
24460244
24461244
24462244
24463244
24464244
24465244
24466244
24467244
24468244
24469244
24470244
24471244
24472244
24473244
24474244
24475244
24476244
24477244
24478244
24479244
24480244
24481244
24482244
24483244
24484244
24485244
24486244
24487244
24488244
24489244
24490244
24491244
24492244
24493244
24494244
24495244
24496244
24497244
24498244
24499244
244100244
244101244
244102244
244103244
244104244
244105244
244106244
244107244
244108244
244109244
244110244
244111244
244112244
244113244
244114244
244115244
244116244
244117244
244118244
244119244
244120244
244121244
244122244
244123244
244124244
244125244
244126244
244127244
244128244
244129244
244130244
244131244
244132244
244133244
244134244
244135244
244136244
244137244
244138244
244139244
244140244
244141244
244142244
244143244
244144244
244145244
244146244
244147244
244148244
244149244
244150244
244151244
244152244
244153244
244154244
244155244
244156244
244157244
244158244
244159244
244160244
244161244
244162244
244163244
244164244
244165244
244166244
244167244
244168244
244169244
244170244
244171244
244172244
244173244
244174244
244175244
244176244
244177244
244178244
244179244
244180244
244181244
244182244
244183244
244184244
244185244
244186244
244187244
244188244
244189244
244190244
244191244
244192244
244193244
244194244
244195244
244196244
244197244
244198244
244199244
244200244
244201244
244202244
244203244
244204244
244205244
244206244
244207244
244208244
244209244
244210244
244211244
244212244
244213244
244214244
244215244
244216244
244217244
244218244
244219244
244220244
244221244
244222244
244223244
244224244
244225244
244226244
244227244
244228244
244229244
244230244
244231244
244232244
244233244
244234244
244235244
244236244
244237244
244238244
244239244
244240244
244241244
244242244
244243244
2442440
2442441
2442442
2442443
2442444
2442445
2442446
2442447
2442448
2442449
24424410
24424411
24424412
24424413
24424414
24424415
24424416
24424417
24424418
24424419
24424420
24424421
24424422
24424423
24424424
24424425
24424426
24424427
24424428
24424429
24424430
24424431
24424432
24424433
24424434
24424435
24424436
24424437
24424438
24424439
24424440
24424441
24424442
24424443
24424444
24424445
24424446
24424447
24424448
24424449
24424450
24424451
24424452
24424453
24424454
24424455
24424456
24424457
24424458
24424459
24424460
24424461
24424462
24424463
24424464
24424465
24424466
24424467
24424468
24424469
24424470
24424471
24424472
24424473
24424474
24424475
24424476
24424477
24424478
24424479
24424480
24424481
24424482
24424483
24424484
24424485
24424486
24424487
24424488
24424489
24424490
24424491
24424492
24424493
24424494
24424495
24424496
24424497
24424498
24424499
244244100
244244101
244244102
244244103
244244104
244244105
244244106
244244107
244244108
244244109
244244110
244244111
244244112
244244113
244244114
244244115
244244116
244244117
244244118
244244119
244244120
244244121
244244122
244244123
244244124
244244125
244244126
244244127
244244128
244244129
244244130
244244131
244244132
244244133
244244134
244244135
244244136
244244137
244244138
244244139
244244140
244244141
244244142
244244143
244244144
244244145
244244146
244244147
244244148
244244149
244244150
244244151
244244152
244244153
244244154
244244155
244244156
244244157
244244158
244244159
244244160
244244161
244244162
244244163
244244164
244244165
244244166
244244167
244244168
244244169
244244170
244244171
244244172
244244173
244244174
244244175
244244176
244244177
244244178
244244179
244244180
244244181
244244182
244244183
244244184
244244185
244244186
244244187
244244188
244244189
244244190
244244191
244244192
244244193
244244194
244244195
244244196
244244197
244244198
244244199
244244200
244244201
244244202
244244203
244244204
244244205
244244206
244244207
244244208
244244209
244244210
244244211
244244212
244244213
244244214
244244215
244244216
244244217
244244218
244244219
244244220
244244221
244244222
244244223
244244224
244244225
244244226
244244227
244244228
244244229
244244230
244244231
244244232
244244233
244244234
244244235
244244236
244244237
244244238
244244239
244244240
244244241
244244242
244244243

