25525587
206255255
255255100
163255255
255168255
25531255
180254254
25525512
255255130
53254254
39255255
255187255
64255255
25525513
25537255
25525524
100255255
255255230
255255122
255130255
25525555
255129255
84254254
255177255
68254254
38255255
68255255
59254254
211255255
255132255
25540255
164255255
255104255
25525551
141254254
255243255
255217255
53255255
255255142
25557255
203255255
255255101
255255252
79255255
55255255
255255193
60254254
123254254
25525567
20254254
255255147
255255205
255210255
25543255
12255255
176255255
255255228
25525530
255218255
174255255
70255255
255112255
255255171
25525589
255255168
25525550
255156255
255134255
255255225
255226255
151254254
33254254
255174255
15255255
131254254
213255255
150254254
255255106
0255255
236255255
32255255
10255255
255255116
255101255
255255249
25525547
25518255
255231255
255255167
25525598
25525538
1254254
25539255
255255188
255255161
25538255
170254254
255215255
255203255
255255118
255255234
73255255
40255255
255255175
255146255
180255255
21255255
255255192
164254254
210255255
25587255
255255115
255193255
124255255
255255140
139254254
122254254
185254254
255255217
27255255
255255113
214255255
25519255
128254254
25596255
255212255
25558255
89255255
255148255
255196255
255149255
255255152
4254254
255255151
185255255
255255209
25525556
10254254
9255255
25559255
144254254
25525521
255195255
255238255
147254254
2554255
255189255
135255255
25588255
255199255
57255255
56255255
97255255
17255255
255173255
83254254
25525596
2552557
25582255
255255224
15254254
136255255
159255255
255250255
121255255
163254254
255180255
103255255
168255255
255184255
176254254
99255255
25525568
25525574
255161255
255255251
255255232
255131255
255255210
25548255
25551255
255223255
250255255
255255153
25542255
25525545
47254254
255237255
255175255
25560255
245255255
16255255
255151255
25528255
119255255
76254254
242255255
241255255
181254254
83255255
5255255
25515255
178255255
255255157
25525585
254255255
13255255
255255172
255152255
224255255
25589255
255255164
75254254
144255255
255255247
255153255
158255255
255207255
140255255
255255179
3254254
171254254
255162255
125255255
25525579
190254254
25525540
39254254
255255197
255255195
25579255
85254254
132255255
172255255
255239255
135254254
215255255
255204255
145254254
2552553
92254254
255139255
255123255
255251255
25532255
219255255
29254254
25512255
25522255
35255255
202255255
67254254
108254254
171255255
255255216
25525594
161255255
255255196
162254254
255205255
41254254
142255255
14254254
106255255
25598255
25525599
108255255
240255255
182254254
2552555
25541255
255125255
56254254
25525586
255255250
125254254
61254254
153254254
193255255
255126255
255255239
255255200
255255221
255255119
25525576
255255112
255230255
255110255
25517255
51254254
41255255
239255255
182255255
227255255
2552556
255255139
65255255
183255255
255255125
255255222
191255255
255166255
255255155
25544255
255255104
6255255
25568255
255224255
25569255
37254254
255255103
220255255
170255255
255255149
255255182
138254254
114255255
103254254
146254254
91255255
194255255
55254254
25527255
25516255
29255255
251255255
123255255
104255255
232255255
255211255
255244255
255255238
25570255
255255181
25525597
255221255
167255255
25580255
25514255
58254254
255154255
255254255
255255177
255192255
118255255
24255255
252255255
2552255
255255231
6254254
25525592
54254254
25525255
117255255
25577255
95255255
184254254
25536255
25525559
255255109
255255127
255255173
255255211
255255194
255255129
25525581
19255255
255197255
25525534
133254254
255137255
255202255
5254254
137254254
2255255
188254254
255255165
35254254
255255206
184255255
148255255
2558255
161254254
255255191
255255253
52255255
255253255
255165255
25525564
93254254
112255255
255255246
28255255
116254254
31255255
255222255
255255187
2254254
42255255
34255255
80255255
187254254
25554255
183254254
54255255
43254254
25530255
255255166
174254254
25525549
25525520
85255255
255255243
50254254
26255255
175255255
255116255
43255255
25565255
255255124
255255170
255255185
255255174
231255255
25595255
40254254
234255255
255102255
255255141
25573255
18254254
25525565
226255255
25520255
81254254
25525544
162255255
98255255
255108255
25511255
230255255
255255208
222255255
25555255
186254254
25525563
25567255
255255146
28254254
102255255
216255255
191254254
102254254
93255255
96255255
255255134
113254254
255179255
113255255
255107255
255255162
255188255
255182255
255158255
27254254
173254254
25525543
98254254
129254254
25525518
62254254
255255223
255142255
25525566
255255143
255255248
25525522
25525580
25552255
255118255
25549255
17254254
25525529
111254254
76255255
189255255
25583255
21254254
255255215
143254254
129255255
69254254
25526255
207255255
255128255
72254254
107255255
255155255
156254254
63255255
25525593
25523255
147255255
140254254
235255255
25525515
255176255
25254254
255191255
155254254
255170255
253255255
249255255
160255255
247255255
225255255
195255255
255255237
255255158
25513255
255255114
57254254
134254254
25525552
25525553
255227255
90255255
255255136
255255189
255181255
88254254
255255102
255198255
25525514
118254254
20255255
181255255
255172255
255117255
2555255
255255233
255255183
11255255
255157255
152254254
25593255
25546255
25586255
1255255
106254254
2556255
121254254
229255255
167254254
45254254
2552550
201255255
255233255
127255255
25525511
7254254
255127255
255255213
25521255
25525548
255229255
188255255
137255255
255255204
11254254
255255126
255255190
255100255
36254254
111255255
25571255
255247255
25553255
59255255
73254254
255255108
2557255
255255150
25525546
255167255
189254254
255169255
2552552
177255255
255164255
25525541
255255148
81255255
127254254
255255240
2552554
255255135
126255255
50255255
255232255
255255198
177254254
95254254
25525539
94254254
255255212
255255199
25525583
82254254
255255218
196255255
255113255
131255255
179254254
255255107
25535255
25599255
100254254
25525527
44255255
46254254
228255255
25575255
86255255
255124255
255220255
208255255
255219255
255255202
255213255
130254254
255141255
255255207
2551255
255111255
25525561
110255255
212255255
22254254
255119255
178254254
25585255
86254254
42254254
115254254
169254254
109255255
107254254
158254254
200255255
133255255
47255255
25562255
255255123
25525542
255255144
128255255
173255255
255255160
255209255
36255255
218255255
255109255
148254254
52254254
255138255
255234255
255246255
25533255
25561255
255190255
255201255
2552558
9254254
14255255
25510255
25525554
145255255
117254254
25525557
92255255
165254254
69255255
255121255
25525571
24254254
25572255
80254254
23254254
18255255
255206255
138255255
25525517
255236255
31254254
2559255
153255255
126254254
25525535
25525519
74255255
45255255
74254254
198255255
255255227
255242255
87255255
221255255
48255255
255115255
192255255
71254254
25597255
255255219
58255255
237255255
2553255
255160255
8254254
88255255
25525510
255150255
255255178
255135255
255122255
255255138
66254254
190255255
122255255
25576255
255105255
255225255
25525572
255183255
62255255
130255255
146255255
255194255
25525573
25578255
255185255
70254254
2552551
255255203
25556255
223255255
8255255
255245255
255255154
32254254
149255255
255255156
25574255
25525523
166254254
97254254
25525528
160254254
255255132
248255255
114254254
143255255
90254254
255252255
71255255
25525516
99254254
37255255
255133255
255216255
255120255
119254254
72255255
244255255
255255176
255255105
255143255
25525558
25525525
30255255
19254254
255171255
255255235
4255255
34254254
255255236
193254254
255255226
255147255
116255255
65254254
156255255
48254254
25581255
25525533
238255255
154255255
25525584
22255255
51255255
255144255
255255214
3255255
2552559
255255137
205255255
255255110
179255255
67255255
25525562
33255255
192254254
46255255
169255255
175254254
25594255
255255121
84255255
23255255
101254254
255214255
25534255
255114255
255248255
255255128
172254254
25592255
49254254
157255255
44254254
25591255
255255242
25525537
25255255
25524255
60255255
255136255
25547255
25584255
255255131
186255255
25525588
25545255
166255255
105254254
115255255
38254254
25525582
255140255
25525536
255255229
61255255
149254254
75255255
255255180
165255255
255241255
204255255
255255117
255255244
139255255
104254254
255159255
233255255
255255245
120254254
82255255
94255255
151255255
25550255
25525569
246255255
255255186
87254254
255255241
2550255
255240255
255145255
255255159
142254254
25525595
12254254
132254254
77255255
25525526
78255255
136254254
30254254
25525577
16254254
255208255
25525560
25564255
77254254
89254254
255255255
120255255
63254254
152255255
64254254
25525591
26254254
255255169
141255255
255106255
255255220
0254254
91254254
199255255
255255163
25566255
155255255
25525570
197255255
49255255
112254254
110254254
255186255
209255255
150255255
25563255
101255255
25525532
255163255
255255201
78254254
255178255
255255133
96254254
154254254
255255254
7255255
25525531
243255255
25590255
134255255
255103255
255255111
124254254
13254254
66255255
159254254
255249255
168254254
25525575
25529255
255255145
105255255
255255120
255255184
109254254
79254254
217255255
25525590
255200255
157254254
255228255
25525578
255235255
187255255

