765
956
142
390
625
621
958
569
280
207
240
555
365
222
839
665
8
160
660
423
353
483
825
945
749
854
955
856
496
786
203
396
64
584
479
464
498
110
343
650
717
32
544
527
428
196
275
399
279
178
347
686
587
863
7
149
354
427
37
867
809
792
212
475
666
855
221
574
857
637
299
305
947
448
528
352
46
169
420
334
26
796
9
580
209
891
252
522
754
563
421
414
523
472
639
884
706
565
812
700
614
882
493
474
380
730
226
329
801
645
223
71
906
317
688
443
734
704
254
136
361
296
31
259
548
635
577
795
159
932
294
444
696
651
868
892
511
236
936
217
80
263
118
286
751
586
516
360
897
899
853
573
594
19
102
953
218
331
150
755
322
671
612
841
762
774
453
291
679
815
531
88
684
646
813
634
316
25
406
949
499
681
300
886
484
471
525
170
844
408
913
147
858
530
302
318
295
424
255
394
249
382
470
357
529
29
276
447
225
287
764
766
201
503
335
109
455
567
711
583
877
864
714
828
904
409
860
13
585
694
351
358
284
56
66
188
767
680
73
878
368
193
495
702
426
156
303
598
54
97
737
34
719
744
397
606
199
48
648
816
367
570
326
903
320
578
310
538
476
540
514
24
348
446
415
534
773
10
304
261
47
186
16
297
274
239
946
165
377
836
219
243
743
462
601
262
510
175
908
369
281
608
130
449
33
372
552
12
723
143
467
311
168
258
505
925
824
823
794
697
914
211
438
489
2
512
440
87
15
709
771
937
70
814
636
301
901
895
433
889
888
429
22
465
121
710
342
643
167
173
413
344
757
568
137
266
803
272
1
943
703
543
53
468
866
91
349
628
314
789
547
805
938
213
619
431
915
85
148
641
134
810
191
459
657
557
959
846
708
257
241
234
371
928
125
712
157
535
593
407
184
14
62
480
379
312
315
811
422
605
332
817
6
951
308
768
277
103
939
695
852
183
469
153
887
837
94
689
72
388
182
871
631
288
682
458
246
923
337
268
174
603
30
772
63
778
391
389
617
561
437
581
862
560
116
541
827
880
208
519
549
20
108
917
912
237
451
677
392
434
265
787
228
205
162
537
141
124
885
485
181
849
616
256
364
135
630
779
112
166
589
460
590
879
615
788
69
18
154
411
463
393
129
3
620
533
728
607
488
84
346
745
418
198
233
930
655
833
131
698
387
210
954
542
242
144
784
93
900
307
27
944
260
553
101
851
43
663
783
17
664
385
822
782
729
910
68
49
216
922
793
826
248
404
653
65
806
232
623
270
309
838
410
865
874
107
76
78
760
487
79
756
106
869
267
727
176
669
592
821
739
325
313
667
490
800
927
356
90
359
929
881
725
282
748
180
120
171
164
720
400
245
28
539
861
220
893
403
373
340
576
693
123
758
649
829
595
126
339
494
271
733
417
588
843
919
924
155
818
40
872
759
58
39
618
41
336
847
113
139
819
662
55
52
508
122
235
473
802
61
572
668
383
457
600
114
931
652
781
185
177
502
402
482
82
808
562
524
726
842
731
559
432
378
909
264
752
323
395
163
292
546
769
513
96
610
507
36
521
362
830
750
74
732
324
145
599
350
206
439
21
780
571
670
86
850
775
500
138
501
518
907
77
478
161
328
626
140
133
504
290
132
327
192
807
398
545
179
374
151
238
384
820
905
799
92
50
715
200
247
293
285
676
627
366
654
321
375
99
613
942
741
633
622
194
957
831
412
83
835
381
187
935
419
735
952
355
692
481
536
319
920
579
629
845
898
674
345
933
941
100
401
98
38
740
916
172
81
215
442
840
35
602
848
791
876
948
770
128
596
918
659
691
146
229
883
44
804
673
45
716
724
333
520
526
894
550
934
736
197
656
761
425
269
430
486
491
497
690
834
298
370
454
59
747
152
701
60
707
386
742
11
785
746
506
89
111
718
57
202
250
950
67
777
251
5
921
642
456
672
551
289
51
117
119
564
445
376
911
436
452
558
105
797
699
466
75
244
127
638
515
556
644
214
763
683
647
582
713
477
604
658
230
678
532
104
461
685
632
338
738
875
609
330
517
204
902
591
273
611
890
705
0
687
416
624
492
253
873
721
753
227
722
450
278
940
190
661
224
42
597
283
115
640
675
790
859
575
776
405
195
566
341
231
509
926
832
306
158
870
363
441
435
798
896
554
23
4
95
189
