598
206
611
163
424
287
946
523
641
819
39
443
64
524
293
535
100
741
633
386
566
385
850
433
834
38
68
825
211
388
296
164
360
562
907
499
473
53
653
313
203
612
763
79
55
704
826
889
578
786
658
716
466
299
12
176
739
541
474
174
70
368
682
600
679
561
412
390
736
482
917
799
430
15
897
213
916
617
0
236
32
10
627
357
760
558
274
487
678
609
549
767
295
699
672
294
936
471
459
629
745
73
40
686
402
180
21
703
930
210
343
626
449
124
651
905
888
951
728
27
624
214
275
894
352
468
314
89
404
452
405
663
770
662
185
720
567
776
9
315
910
532
451
494
913
260
445
135
344
455
57
56
97
17
429
849
607
518
338
735
781
136
159
506
121
929
436
103
168
440
942
99
579
585
417
762
743
387
721
304
307
479
250
664
298
556
813
493
431
316
245
16
407
284
119
842
242
241
947
83
5
271
178
668
596
254
13
683
408
224
345
675
841
144
758
409
158
463
140
690
769
937
418
125
590
956
551
805
708
706
335
851
132
172
495
901
215
460
911
514
858
395
379
507
288
219
795
268
278
35
202
833
874
171
727
605
161
707
928
461
807
142
780
106
354
610
108
240
948
516
297
381
822
597
761
891
827
919
193
382
750
711
732
630
587
623
486
366
273
817
41
239
182
227
517
650
65
183
636
733
191
422
666
300
615
6
324
480
325
803
614
220
170
660
693
904
114
869
912
91
194
821
283
272
29
251
123
104
232
467
500
749
326
692
608
477
167
336
270
824
410
510
688
448
118
24
252
258
742
772
603
820
281
117
333
95
950
292
570
620
638
684
722
705
640
592
19
453
545
899
393
458
771
903
2
954
676
801
717
184
148
264
927
702
764
52
509
421
575
859
112
757
28
882
31
478
698
768
42
34
80
953
310
949
54
809
286
677
940
560
531
85
754
816
26
175
372
43
321
635
681
696
685
231
351
806
234
358
652
329
784
576
226
276
847
555
162
98
364
267
230
719
222
311
952
574
323
657
794
102
216
957
868
93
96
645
879
435
113
363
673
444
438
414
793
939
554
864
895
529
828
734
398
577
654
759
533
591
308
374
305
783
540
877
76
189
339
787
726
909
129
835
282
207
384
838
107
411
922
63
604
279
147
906
235
526
432
791
447
921
426
253
249
160
247
225
195
748
669
269
625
823
900
563
564
483
90
647
700
437
854
613
454
525
884
20
181
428
373
261
744
694
11
413
918
349
302
342
1
872
262
887
229
933
811
511
201
489
127
522
773
383
724
277
559
485
188
137
715
777
637
701
356
802
111
327
503
309
59
839
619
263
661
557
423
955
425
513
177
420
552
659
81
893
751
515
646
126
50
488
709
943
861
550
860
723
710
594
848
729
196
369
131
945
618
291
355
866
538
44
812
228
331
86
380
476
208
475
713
469
896
397
718
257
367
572
110
212
788
375
944
341
852
808
881
935
109
873
924
200
133
47
318
634
553
655
128
173
671
465
36
218
365
914
818
394
490
502
289
317
446
457
519
775
14
266
565
145
883
568
92
931
69
377
582
790
328
846
789
18
462
138
528
492
797
265
153
892
546
530
74
45
840
198
738
498
87
221
48
371
192
837
353
730
58
237
259
416
774
88
521
406
689
391
378
649
832
190
122
332
361
481
583
439
62
130
146
450
584
334
441
836
512
714
312
223
8
501
665
798
149
667
330
534
932
863
539
926
643
248
880
143
856
508
71
527
865
37
389
472
376
885
72
244
687
616
399
569
536
30
785
427
746
4
800
747
959
737
403
116
831
156
814
337
544
238
154
595
22
51
400
725
3
520
648
205
621
179
67
573
33
958
46
169
941
350
632
84
23
867
470
290
370
504
639
938
348
815
157
810
347
753
548
25
280
60
392
303
340
642
186
599
301
166
871
115
804
593
396
547
740
61
915
75
691
165
497
204
628
755
139
870
415
233
756
886
82
94
151
306
580
246
697
853
752
256
496
401
670
908
606
778
898
77
537
78
902
796
588
782
464
571
320
843
855
255
120
829
152
830
602
792
680
141
362
731
766
857
199
674
322
155
581
197
49
878
876
442
209
150
319
101
543
419
712
844
434
644
862
920
765
7
542
243
346
134
359
622
890
779
66
925
505
934
586
285
656
105
631
695
875
845
217
601
456
923
484
589
491
187

